0.927620 0.059136 0.013243
0.842571 0.131053 0.026376
0.731693 0.227941 0.040366
0.646377 0.305004 0.048618
0.497404 0.442620 0.059976
0.399794 0.537402 0.062805
0.354466 0.582782 0.062753
0.234709 0.704693 0.060598
0.162484 0.784427 0.053089
0.109196 0.846391 0.044413
0.053177 0.916096 0.030728
0.020124 0.963806 0.016069
0.006048 0.987944 0.006009
0.006053 0.985662 0.008285
0.013681 0.959970 0.026349
0.019067 0.934713 0.046220
0.035292 0.840699 0.124009
0.041300 0.769622 0.189078
0.048355 0.624937 0.326709
0.046755 0.466920 0.486325
0.041145 0.360239 0.598617
0.030823 0.222696 0.746481
0.022096 0.145253 0.832652
0.012223 0.069525 0.918252
0.004995 0.025317 0.969688
0.001519 0.007236 0.991244
0.000660 0.002950 0.996390
0.002956 0.012058 0.984987
0.006670 0.025258 0.968072
0.009283 0.033755 0.956962
0.010268 0.036832 0.952900
0.009661 0.034880 0.955459
0.010602 0.037889 0.951509
0.007803 0.028896 0.963301
0.006521 0.024451 0.969027
0.006716 0.025099 0.968185
0.005729 0.021723 0.972548
0.005543 0.021052 0.973405
0.005237 0.019981 0.974782
0.007109 0.026464 0.966427
0.006284 0.023634 0.970082
0.005376 0.020483 0.974141
0.003952 0.015431 0.980617
0.005299 0.020217 0.974484
0.006079 0.022918 0.971002
0.004619 0.017835 0.977546
0.002985 0.011893 0.985122
0.003109 0.012288 0.984604
0.003253 0.012823 0.983924
0.003191 0.012595 0.984213
0.001884 0.007738 0.990378
0.000834 0.003586 0.995580
0.000169 0.000735 0.999096
0.000699 0.003189 0.996112
0.002199 0.010657 0.987145
0.005246 0.027243 0.967511
0.009046 0.050211 0.940744
0.015724 0.095082 0.889194
0.021999 0.144565 0.833436
0.030833 0.226044 0.743122
0.035306 0.280157 0.684537
0.038568 0.325085 0.636347
0.037316 0.308741 0.653943
0.024145 0.156392 0.819463
0.013214 0.076832 0.909955
0.006446 0.034038 0.959517
0.003537 0.018049 0.978414
0.001509 0.007087 0.991405
0.000521 0.002314 0.997165
0.001670 0.006956 0.991374
0.006051 0.023176 0.970774
0.008117 0.029913 0.961969
0.009938 0.035793 0.954269
0.017755 0.059777 0.922467
0.021116 0.068973 0.909911
0.033176 0.100326 0.866498
0.039684 0.115145 0.845171
0.046011 0.128885 0.825103
0.043662 0.123771 0.832567
0.040139 0.116061 0.843800
0.035919 0.106442 0.857639
0.032620 0.098571 0.868809
0.027676 0.086404 0.885920
0.023788 0.076216 0.899995
0.017757 0.059787 0.922456
0.011705 0.041711 0.946584
0.007371 0.027500 0.965129
0.004525 0.017568 0.977907
0.002364 0.009855 0.987781
0.001470 0.006617 0.991913
0.002100 0.010107 0.987793
0.007350 0.038925 0.953725
0.016062 0.095905 0.888032
0.022258 0.146350 0.831392
0.034948 0.267267 0.697785
0.041333 0.362401 0.596265
0.043948 0.419609 0.536443
0.048898 0.588239 0.362864
0.045591 0.698623 0.255786
0.041573 0.760674 0.197753
0.036741 0.816600 0.146659
0.028061 0.887325 0.084614
0.016335 0.950838 0.032827
0.008928 0.973753 0.017319
0.005123 0.987280 0.007596
0.001802 0.995968 0.002230
0.004256 0.991381 0.004362
0.019235 0.965720 0.015045
0.034843 0.942826 0.022331
0.062584 0.904808 0.032608
0.041184 0.934061 0.024755
0.127211 0.822988 0.049802
0.200066 0.742424 0.057510
0.361377 0.573840 0.064784
0.546969 0.395469 0.057562
0.674139 0.279700 0.046161
0.765674 0.198317 0.036009
0.856918 0.118918 0.024165
0.916040 0.068854 0.015106
0.956565 0.035145 0.008290
0.983361 0.013250 0.003389
0.995220 0.003760 0.001020
0.995045 0.003851 0.001104
0.983969 0.012288 0.003743
0.952999 0.035316 0.011685
0.936027 0.047529 0.016445
0.916970 0.061094 0.021936
0.892557 0.078189 0.029254
0.855270 0.103671 0.041059
0.853992 0.104425 0.041584
0.830173 0.120266 0.049560
0.811934 0.132130 0.055936
0.804871 0.136651 0.058478
0.811508 0.132384 0.056108
0.815781 0.129617 0.054602
0.837360 0.115561 0.047079
0.852483 0.105457 0.042060
0.867934 0.095051 0.037016
0.898690 0.074034 0.027276
0.926443 0.054406 0.019151
0.923496 0.056435 0.020069
0.941710 0.043441 0.014849
0.962359 0.028400 0.009241
0.979384 0.015740 0.004876
0.990089 0.007670 0.002240
0.993953 0.004741 0.001306
0.981657 0.014601 0.003742
0.917595 0.067123 0.015282
0.846834 0.127379 0.025787
0.794461 0.173109 0.032430
0.606577 0.340017 0.053405
0.476327 0.462865 0.060808
0.361585 0.574901 0.063514
0.259173 0.679378 0.061448
0.162887 0.783310 0.053803
0.098827 0.858590 0.042584
0.049613 0.921339 0.029047
0.018231 0.965073 0.016696
0.003670 0.992053 0.004277
0.000505 0.998852 0.000643
0.007411 0.985319 0.007270
0.008533 0.983980 0.007486
0.012599 0.977199 0.010203
0.022016 0.962172 0.015812
0.058394 0.909822 0.031784
0.069905 0.895755 0.034340
0.095337 0.863692 0.040971
0.120050 0.834005 0.045944
0.156030 0.792274 0.051696
0.192387 0.751778 0.055834
0.235851 0.704817 0.059333
0.290100 0.647999 0.061901
0.280643 0.658015 0.061342
0.278103 0.660658 0.061239
0.279059 0.659670 0.061272
0.226349 0.714819 0.058832
0.178110 0.767371 0.054519
0.187131 0.757748 0.055120
0.146714 0.802807 0.050479
0.115505 0.839309 0.045186
0.090286 0.869930 0.039784
0.066127 0.900493 0.033380
0.046486 0.926744 0.026770
0.022722 0.960400 0.016878
0.011212 0.979393 0.009395
0.005223 0.989036 0.005742
0.002574 0.994799 0.002627
0.015542 0.971860 0.012598
0.030278 0.949488 0.020234
0.111500 0.841162 0.047338
0.182457 0.761598 0.055945
0.348626 0.586260 0.065114
0.477335 0.462036 0.060629
0.596956 0.350129 0.052915
0.772017 0.191946 0.036038
0.872319 0.105731 0.021950
0.949925 0.040359 0.009716
0.983812 0.012743 0.003445
0.992790 0.005598 0.001612
0.984955 0.011536 0.003509
0.967286 0.024750 0.007965
0.976156 0.018113 0.005732
0.979356 0.015715 0.004928
0.957527 0.031927 0.010546
0.918514 0.060098 0.021387
0.910650 0.065529 0.023821
0.869638 0.093980 0.036382
0.849029 0.107788 0.043182
0.835484 0.116748 0.047768
0.832542 0.118670 0.048788
0.839555 0.114049 0.046396
0.846540 0.109410 0.044050
0.855502 0.103421 0.041076
0.874804 0.090397 0.034799
0.883090 0.084678 0.032232
0.904324 0.070017 0.025658
0.925783 0.054858 0.019359
0.936744 0.046973 0.016283
0.953593 0.034808 0.011599
0.970660 0.022244 0.007096
0.984730 0.011728 0.003542
0.984297 0.012304 0.003399
0.986698 0.010568 0.002734
0.958373 0.033584 0.008044
0.866273 0.110451 0.023276
0.787602 0.178832 0.033566
0.699397 0.257081 0.043523
0.573049 0.371984 0.054968
0.468087 0.471149 0.060764
0.342615 0.593666 0.063719
0.191247 0.750258 0.058495
0.122455 0.830485 0.047059
0.066998 0.898332 0.034670
0.035102 0.942276 0.022622
0.016301 0.970699 0.013000
0.006283 0.987100 0.006617
0.000814 0.998270 0.000915
0.002720 0.993548 0.003732
0.017927 0.945098 0.036975
0.024643 0.907850 0.067508
0.030932 0.865621 0.103447
0.041016 0.775841 0.183144
0.044622 0.711028 0.244351
0.047047 0.638654 0.314299
0.047601 0.565064 0.387334
0.045409 0.444545 0.510046
0.039316 0.330480 0.630204
0.034418 0.269785 0.695797
0.029856 0.219069 0.751075
0.021984 0.144145 0.833871
0.012176 0.069278 0.918546
0.006089 0.032228 0.961683
0.002455 0.011646 0.985899
0.001358 0.005913 0.992729
0.001512 0.006275 0.992213
0.005641 0.021684 0.972675
0.007720 0.028580 0.963700
0.014053 0.048838 0.937109
0.020480 0.067378 0.912142
0.025038 0.079530 0.895432
0.030891 0.094418 0.874690
0.034257 0.102469 0.863275
0.034090 0.102036 0.863874
0.037243 0.109438 0.853319
0.041394 0.118829 0.839777
0.044750 0.126114 0.829135
0.042062 0.120299 0.837639
0.032573 0.098993 0.868433
0.024526 0.078388 0.897086
0.018231 0.061093 0.920675
0.011835 0.042203 0.945962
0.007600 0.028225 0.964175
0.004497 0.017532 0.977971
0.002123 0.008745 0.989132
0.000779 0.003291 0.995929
0.000478 0.002100 0.997423
0.000330 0.001500 0.998169
0.003132 0.015341 0.981527
0.005814 0.030546 0.963640
0.016037 0.095235 0.888728
0.031788 0.226422 0.741790
0.040190 0.339230 0.620579
0.040073 0.349634 0.610292
0.042660 0.393976 0.563363
0.038553 0.323849 0.637597
0.035475 0.283782 0.680743
0.027614 0.194351 0.778035
0.023114 0.155443 0.821444
0.016901 0.104503 0.878595
0.010642 0.060425 0.928933
0.006160 0.032790 0.961051
0.004528 0.023637 0.971835
0.002325 0.011449 0.986226
0.000842 0.003923 0.995235
0.000383 0.001698 0.997920
0.000779 0.003311 0.995910
0.001838 0.007515 0.990647
0.001403 0.005772 0.992825
0.003065 0.012167 0.984768
0.002315 0.009314 0.988371
0.001819 0.007406 0.990775
0.002831 0.011264 0.985905
0.001831 0.007481 0.990688
0.001063 0.004438 0.994498
0.001337 0.005511 0.993152
0.001669 0.006812 0.991519
0.002616 0.010455 0.986929
0.002747 0.010936 0.986317
0.003699 0.014470 0.981831
0.003605 0.014119 0.982276
0.004443 0.017161 0.978396
0.004077 0.015844 0.980079
0.004724 0.018163 0.977114
0.007661 0.028366 0.963973
0.004393 0.017264 0.978343
0.001861 0.007675 0.990464
0.001759 0.007866 0.990374
0.001923 0.009199 0.988878
0.007566 0.040030 0.952404
0.012024 0.069286 0.918690
0.023511 0.154143 0.822346
0.035257 0.270933 0.693809
0.041287 0.362270 0.596443
0.048184 0.520606 0.431211
0.047583 0.626989 0.325428
0.042620 0.762369 0.195011
0.031311 0.869855 0.098835
0.018293 0.941087 0.040621
0.008301 0.976947 0.014753
0.003619 0.991282 0.005099
0.009356 0.981234 0.009411
0.015480 0.972017 0.012502
0.053034 0.916407 0.030558
0.110079 0.844447 0.045474
0.162577 0.784421 0.053001
0.272882 0.664669 0.062449
0.402430 0.534299 0.063271
0.399576 0.538253 0.062172
0.449694 0.489371 0.060935
0.551777 0.392190 0.056034
0.691619 0.263809 0.044572
0.811281 0.158183 0.030536
0.818946 0.151978 0.029076
0.902409 0.080166 0.017425
0.949455 0.041018 0.009527
0.882984 0.096592 0.020424
0.831816 0.140630 0.027555
0.723907 0.234989 0.041104
0.603510 0.343879 0.052610
0.520510 0.421572 0.057918
0.397206 0.539601 0.063193
0.292512 0.644824 0.062664
0.186579 0.756836 0.056586
0.106406 0.848905 0.044689
0.057777 0.910717 0.031506
0.026653 0.954323 0.019024
0.018617 0.967581 0.013801
0.009717 0.981779 0.008504
0.005154 0.988795 0.006051
0.005977 0.984844 0.009179
0.008826 0.974846 0.016329
0.019800 0.932252 0.047948
0.037223 0.827029 0.135748
0.047176 0.686954 0.265870
0.047862 0.594661 0.357477
0.044848 0.412147 0.543005
0.036960 0.297501 0.665540
0.025390 0.170474 0.804135
0.016749 0.102953 0.880298
0.009055 0.049697 0.941247
0.012870 0.075537 0.911594
0.013712 0.082078 0.904210
0.029855 0.209028 0.761117
0.029630 0.217433 0.752937
0.036935 0.299080 0.663986
0.036092 0.292414 0.671494
0.038422 0.323764 0.637815
0.044588 0.426512 0.528901
0.045567 0.464364 0.490069
0.045842 0.475520 0.478639
0.043893 0.419556 0.536551
0.047840 0.537996 0.414163
0.046020 0.727494 0.226486
0.039828 0.781482 0.178691
0.032028 0.860576 0.107396
0.023086 0.914457 0.062457
0.013812 0.957790 0.028398
0.006259 0.983920 0.009821
0.001498 0.996432 0.002071
0.010854 0.978569 0.010577
0.010298 0.980916 0.008786
0.036722 0.939578 0.023700
0.077315 0.885214 0.037470
0.119023 0.834732 0.046245
0.180547 0.764311 0.055142
0.230393 0.710521 0.059085
0.239516 0.701130 0.059354
0.340037 0.596640 0.063323
0.414311 0.523503 0.062186
0.568547 0.375977 0.055475
0.681912 0.272803 0.045285
0.753422 0.209238 0.037340
0.773074 0.192054 0.034871
0.674014 0.279897 0.046089
0.669352 0.284565 0.046083
0.602918 0.344974 0.052108
0.505204 0.435915 0.058882
0.381954 0.554600 0.063446
0.325102 0.612229 0.062669
0.252235 0.687129 0.060637
0.209649 0.732911 0.057441
0.117971 0.834638 0.047391
0.086802 0.874259 0.038939
0.048225 0.923618 0.028156
0.021849 0.961747 0.016404
0.008474 0.983779 0.007746
0.003670 0.992053 0.004277
0.000505 0.998852 0.000643
0.006065 0.984174 0.009761
0.010711 0.968358 0.020931
0.013601 0.956699 0.029699
0.017103 0.941866 0.041031
0.019016 0.932858 0.048126
0.014754 0.952076 0.033169
0.015757 0.947461 0.036782
0.017335 0.940559 0.042107
0.018153 0.936794 0.045053
0.018301 0.936095 0.045604
0.017932 0.937796 0.044271
0.017284 0.940742 0.041975
0.023477 0.910982 0.065541
0.020830 0.924025 0.055146
0.018978 0.933010 0.048012
0.012393 0.962339 0.025268
0.006035 0.984041 0.009924
0.002644 0.993275 0.004082
0.001939 0.995584 0.002478
0.005282 0.989330 0.005388
0.015542 0.971860 0.012598
0.036126 0.940754 0.023120
0.044112 0.930176 0.025712
0.112463 0.841374 0.046163
0.129190 0.823293 0.047516
0.174328 0.771598 0.054074
0.241357 0.698638 0.060005
0.307254 0.630279 0.062467
0.357909 0.579339 0.062752
0.444054 0.494542 0.061404
0.538000 0.405145 0.056855
0.603634 0.344382 0.051984
0.699132 0.257438 0.043429
0.617493 0.331462 0.051046
0.496543 0.443848 0.059608
0.379108 0.557493 0.063398
0.244462 0.694057 0.061481
0.164028 0.782523 0.053449
0.120800 0.832872 0.046327
0.075423 0.887994 0.036583
0.042912 0.931265 0.025823
0.026280 0.955633 0.018086
0.012968 0.976229 0.010804
0.007056 0.984622 0.008322
0.001062 0.997526 0.001411
0.005685 0.985057 0.009258
0.009735 0.971549 0.018715
0.020482 0.928670 0.050848
0.030294 0.872240 0.097466
0.037081 0.814846 0.148073
0.042942 0.743089 0.213968
0.049422 0.535411 0.415167
0.043440 0.394510 0.562050
0.041219 0.368737 0.590045
0.034120 0.262706 0.703174
0.032317 0.246673 0.721010
0.029294 0.213845 0.756860
0.026305 0.184540 0.789155
0.025948 0.181475 0.792577
0.018948 0.119891 0.861161
0.012471 0.072702 0.914826
0.010311 0.058979 0.930710
0.004626 0.022741 0.972633
0.001655 0.008101 0.990244
0.000715 0.003317 0.995967
0.002407 0.011796 0.985797
0.009986 0.054628 0.935385
0.016265 0.098594 0.885141
0.029228 0.205294 0.765478
0.040946 0.345555 0.613499
0.046320 0.466229 0.487451
0.048531 0.648255 0.303214
0.042059 0.762925 0.195016
0.030443 0.879654 0.089903
0.018770 0.935596 0.045634
0.010333 0.970766 0.018901
0.006593 0.984929 0.008478
0.002022 0.995738 0.002240
0.001078 0.997755 0.001167
0.013544 0.975005 0.011451
0.023793 0.959270 0.016938
0.084104 0.875480 0.040416
0.111471 0.843953 0.044577
0.198587 0.743851 0.057562
0.307975 0.628716 0.063309
0.397538 0.539733 0.062729
0.520696 0.421094 0.058210
0.606333 0.341784 0.051883
0.725789 0.233433 0.040778
0.834633 0.138004 0.027362
0.897181 0.084760 0.018059
0.950191 0.040345 0.009464
0.977899 0.017713 0.004388
0.005413 0.985172 0.009415
0.628954 0.321087 0.049959
0.538178 0.404922 0.056900
0.340306 0.594334 0.065360
0.195265 0.746244 0.058491
0.133827 0.817390 0.048783
0.067106 0.897512 0.035382
0.025976 0.954548 0.019476
0.008728 0.982009 0.009262
0.008083 0.979770 0.012146
0.017379 0.945437 0.037184
0.032574 0.863611 0.103815
0.039485 0.793184 0.167331
0.046544 0.680440 0.273017
0.048144 0.506145 0.445711
0.042313 0.376432 0.581255
0.032522 0.241444 0.726034
0.020062 0.125675 0.854263
0.010923 0.061729 0.927348
0.005896 0.031208 0.962895
0.002510 0.011794 0.985696
0.000855 0.003757 0.995389
0.001685 0.006987 0.991328
0.006029 0.023072 0.970899
0.008872 0.032439 0.958689
0.015257 0.052441 0.932302
0.019162 0.063559 0.917279
0.026285 0.082881 0.890834
0.036293 0.107549 0.856158
0.034971 0.104125 0.860903
0.031835 0.096671 0.871495
0.029792 0.091605 0.878603
0.027067 0.084743 0.888190
0.023596 0.075698 0.900706
0.018582 0.062024 0.919393
0.013385 0.046790 0.939825
0.007603 0.028730 0.963667
0.003290 0.013135 0.983575
0.001831 0.007894 0.990275
0.001960 0.009158 0.988882
0.005433 0.027835 0.966732
0.013359 0.076887 0.909754
0.028096 0.191336 0.780568
0.035659 0.279958 0.684383
0.045621 0.434032 0.520347
0.048877 0.603542 0.347581
0.043923 0.741411 0.214665
0.037451 0.810256 0.152292
0.025793 0.907544 0.066663
0.012506 0.962899 0.024595
0.009467 0.978382 0.012151
0.009014 0.982302 0.008684
0.036873 0.938484 0.024643
0.103597 0.851114 0.045288
0.181460 0.762477 0.056063
0.272304 0.665697 0.062000
0.447510 0.489707 0.062783
0.573383 0.371846 0.054771
0.742776 0.217837 0.039387
0.858502 0.117431 0.024067
0.934641 0.053170 0.012189
0.976767 0.018544 0.004689
0.991877 0.006371 0.001751
0.987758 0.009445 0.002797
0.971852 0.021381 0.006767
0.949073 0.038122 0.012805
0.922892 0.056934 0.020175
0.895467 0.076192 0.028342
0.868012 0.095032 0.036956
0.841360 0.112905 0.045735
0.826591 0.122595 0.050814
0.830841 0.119790 0.049369
0.852259 0.105651 0.042091
0.877985 0.088253 0.033762
0.905373 0.069308 0.025319
0.933705 0.049251 0.017044
0.959681 0.030398 0.009920
0.979351 0.015854 0.004795
0.993048 0.005414 0.001538
0.976061 0.019017 0.004922
0.944478 0.044965 0.010556
0.875064 0.103224 0.021712
0.796829 0.170819 0.032352
0.629326 0.319482 0.051191
0.476038 0.462774 0.061188
0.327688 0.608195 0.064117
0.200557 0.741056 0.058387
0.123640 0.828765 0.047595
0.127623 0.825248 0.047129
0.077620 0.885003 0.037377
0.030250 0.947051 0.022698
0.009191 0.980850 0.009959
0.008799 0.977600 0.013601
0.018869 0.939244 0.041887
0.033146 0.858533 0.108321
0.044233 0.740910 0.214857
0.048849 0.587753 0.363398
0.044887 0.415210 0.539903
0.034274 0.258765 0.706961
0.021411 0.136345 0.842244
0.009727 0.052261 0.938012
0.004512 0.023437 0.972051
0.010402 0.058507 0.931091
0.017832 0.110426 0.871742
0.026990 0.187273 0.785737
0.036566 0.290611 0.672823
0.040266 0.349807 0.609927
0.044079 0.420787 0.535134
0.046753 0.498894 0.454353
0.047717 0.581305 0.370978
0.046507 0.664310 0.289183
0.043631 0.728579 0.227790
0.040622 0.771686 0.187693
0.035299 0.830597 0.134105
0.031313 0.860699 0.107987
0.026232 0.895222 0.078546
0.018548 0.936805 0.044647
0.012165 0.962546 0.025289
0.006415 0.982984 0.010601
0.002160 0.994724 0.003115
0.001147 0.997424 0.001429
0.003172 0.993483 0.003345
0.016121 0.970750 0.013129
0.016205 0.971381 0.012414
0.022306 0.961834 0.015860
0.030925 0.948931 0.020144
0.030640 0.949438 0.019923
0.022900 0.960889 0.016211
0.016939 0.970186 0.012876
0.008464 0.983918 0.007618
0.003114 0.993599 0.003287
0.001331 0.997034 0.001635
0.002057 0.995029 0.002914
0.009801 0.972299 0.017901
0.012029 0.962932 0.025040
0.011114 0.965899 0.022987
0.022233 0.919496 0.058271
0.024817 0.902998 0.072185
0.032741 0.851926 0.115333
0.036411 0.818246 0.145343
0.042954 0.743077 0.213969
0.043642 0.723623 0.232736
0.046246 0.665570 0.288184
0.047645 0.588038 0.364317
0.046988 0.512503 0.440509
0.044872 0.441120 0.514008
0.041774 0.376156 0.582070
0.036398 0.293097 0.670505
0.029629 0.215358 0.755013
0.023405 0.157281 0.819314
0.017620 0.110170 0.872210
0.011227 0.064235 0.924538
0.015443 0.093893 0.890664
0.032434 0.233828 0.733738
0.043001 0.378840 0.578160
0.048708 0.545079 0.406213
0.046750 0.676543 0.276707
0.037700 0.826590 0.135711
0.022766 0.921085 0.056149
0.010884 0.970441 0.018676
0.007369 0.983844 0.008787
0.018118 0.966697 0.015185
0.051387 0.918436 0.030178
0.117568 0.835041 0.047392
0.216152 0.724314 0.059535
0.276683 0.661713 0.061605
0.242487 0.697848 0.059665
0.382269 0.553926 0.063805
0.566693 0.377191 0.056116
0.690000 0.265451 0.044548
0.814843 0.155028 0.030129
0.907332 0.075998 0.016670
0.963070 0.029708 0.007222
0.986499 0.010622 0.002879
0.993669 0.004917 0.001414
0.972339 0.021059 0.006602
0.952576 0.035576 0.011848
0.925927 0.054779 0.019293
0.898521 0.074070 0.027409
0.877054 0.088852 0.034094
0.844097 0.111111 0.044792
0.821269 0.126096 0.052634
0.828519 0.121317 0.050164
0.851792 0.105976 0.042232
0.878384 0.087983 0.033633
0.905576 0.069163 0.025261
0.928781 0.052725 0.018493
0.954653 0.034114 0.011233
0.977552 0.017146 0.005302
0.989461 0.008178 0.002361
0.987200 0.010102 0.002698
0.963452 0.029366 0.007182
0.910345 0.073425 0.016230
0.822189 0.148599 0.029213
0.666429 0.285861 0.047710
0.554479 0.389364 0.056157
0.365721 0.569286 0.064993
0.261867 0.676574 0.061559
0.162053 0.784134 0.053813
0.084294 0.875716 0.039989
0.034012 0.942400 0.023588
0.012391 0.974375 0.013235
0.005029 0.987873 0.007098
0.019680 0.938018 0.042302
0.025904 0.900518 0.073579
0.037696 0.814937 0.147367
0.048157 0.658891 0.292952
0.047848 0.507323 0.444829
0.041792 0.364994 0.593214
0.032773 0.246025 0.721202
0.020531 0.129327 0.850142
0.009294 0.049788 0.940918
0.003090 0.015158 0.981752
0.001115 0.005041 0.993844
0.002155 0.008962 0.988883
0.004381 0.017125 0.978493
0.011514 0.041248 0.947238
0.013878 0.048131 0.937991
0.017082 0.057577 0.925341
0.019210 0.063613 0.917177
0.023886 0.076466 0.899649
0.025092 0.079573 0.895335
0.028087 0.087318 0.884594
0.025744 0.081315 0.892941
0.019691 0.065257 0.915052
0.013491 0.047200 0.939308
0.009118 0.033273 0.957608
0.005694 0.021754 0.972552
0.002864 0.011746 0.985391
0.001868 0.008346 0.989786
0.003946 0.019410 0.976643
0.006817 0.036311 0.956871
0.013321 0.077766 0.908913
0.018709 0.118093 0.863197
0.033188 0.245213 0.721599
0.045023 0.412542 0.542435
0.049546 0.614709 0.335745
0.043828 0.737006 0.219166
0.035366 0.835202 0.129432
0.025155 0.904454 0.070390
0.014181 0.958200 0.027619
0.006802 0.983849 0.009349
0.019119 0.963917 0.016963
0.042842 0.930283 0.026875
0.076639 0.886303 0.037058
0.170683 0.773830 0.055487
0.263665 0.674542 0.061793
0.365776 0.570881 0.063344
0.582020 0.362419 0.055561
0.677133 0.277273 0.045594
0.604438 0.343524 0.052039
0.535972 0.407165 0.056863
0.383220 0.552843 0.063937
0.249261 0.689055 0.061684
0.144341 0.803968 0.051691
0.064431 0.900252 0.035317
0.023501 0.958413 0.018086
0.007976 0.983426 0.008598
0.004573 0.989005 0.006422
0.009989 0.971770 0.018242
0.018905 0.936208 0.044887
0.028902 0.881753 0.089345
0.037961 0.808762 0.153277
0.041800 0.757345 0.200855
0.036567 0.818888 0.144546
0.033266 0.845296 0.121438
0.041217 0.769027 0.189756
0.050060 0.543769 0.406171
0.042080 0.359147 0.598774
0.026297 0.172066 0.801637
0.016597 0.102084 0.881319
0.016914 0.105516 0.877570
0.008396 0.044688 0.946916
0.002980 0.013961 0.983059
0.002294 0.009713 0.987993
0.000748 0.003146 0.996106
0.003526 0.013968 0.982507
0.006932 0.026001 0.967067
0.010965 0.039189 0.949846
0.010506 0.037582 0.951912
0.014279 0.049330 0.936391
0.019600 0.064826 0.915575
0.027308 0.085546 0.887146
0.026342 0.082826 0.890832
0.024787 0.078789 0.896424
0.026654 0.083637 0.889710
0.020283 0.066949 0.912767
0.013154 0.046325 0.940520
0.006998 0.026617 0.966385
0.002898 0.011895 0.985206
0.002010 0.009013 0.988977
0.004968 0.024772 0.970260
0.011804 0.066318 0.921878
0.022616 0.146044 0.831340
0.034618 0.262845 0.702537
0.044936 0.416727 0.538337
0.048875 0.582111 0.369014
0.044672 0.733547 0.221781
0.033719 0.853502 0.112780
0.020196 0.932891 0.046913
0.015840 0.947057 0.037102
0.010935 0.967158 0.021907
0.007064 0.983030 0.009906
0.016290 0.968683 0.015027
0.022542 0.960887 0.016571
0.036698 0.940356 0.022946
0.120689 0.830522 0.048789
0.198928 0.743451 0.057621
0.362227 0.572914 0.064859
0.482264 0.457475 0.060260
0.639069 0.311140 0.049791
0.795733 0.171392 0.032875
0.897671 0.084127 0.018202
0.958426 0.033507 0.008067
0.986784 0.010492 0.002724
0.986996 0.010097 0.002908
0.979029 0.016026 0.004944
0.956213 0.032927 0.010860
0.928905 0.052664 0.018431
0.899575 0.073348 0.027078
0.870109 0.093619 0.036271
0.851389 0.106199 0.042411
0.842318 0.112217 0.045465
0.852005 0.105768 0.042228
0.872682 0.091852 0.035466
0.899260 0.073576 0.027163
0.928406 0.053048 0.018546
0.956879 0.032487 0.010634
0.979301 0.015860 0.004839
0.987038 0.010122 0.002840
0.976039 0.019076 0.004885
0.938012 0.050314 0.011674
0.844409 0.129235 0.026355
0.763260 0.200245 0.036495
0.591430 0.354235 0.054335
0.434737 0.502406 0.062857
0.317999 0.618622 0.063379
0.192753 0.749536 0.057711
0.096908 0.859574 0.043518
0.040627 0.933154 0.026219
0.014155 0.973599 0.012246
0.007139 0.984044 0.008816
0.015722 0.954672 0.029606
0.028311 0.891997 0.079692
0.041803 0.779060 0.179137
0.047802 0.650424 0.301775
0.046750 0.443321 0.509929
0.035647 0.273019 0.691334
0.022074 0.141148 0.836778
0.010842 0.060194 0.928964
0.004012 0.019601 0.976387
0.001801 0.007937 0.990261
0.000031 0.000139 0.999830
0.000452 0.002064 0.997484
0.001271 0.006054 0.992675
0.002992 0.014962 0.982046
0.005858 0.030974 0.963169
0.010067 0.056767 0.933166
0.015702 0.095349 0.888949
0.022618 0.149630 0.827752
0.025070 0.172931 0.801999
0.028595 0.206441 0.764964
0.027840 0.199629 0.772531
0.031650 0.238373 0.729978
0.042771 0.379111 0.578118
0.044596 0.434995 0.520409
0.046844 0.505580 0.447576
0.047773 0.639162 0.313065
0.040660 0.795531 0.163808
0.026934 0.898035 0.075031
0.014313 0.957088 0.028599
0.005708 0.985511 0.008782
0.002473 0.994451 0.003076
0.000002 0.999994 0.000003
0.002518 0.993846 0.003635
0.020931 0.932704 0.046365
0.034501 0.849958 0.115541
0.037810 0.806696 0.155494
0.044768 0.714684 0.240549
0.044640 0.703099 0.252261
0.038550 0.805604 0.155846
0.033738 0.841667 0.124595
0.033289 0.844538 0.122173
0.040422 0.777624 0.181955
0.044782 0.707972 0.247246
0.043044 0.734460 0.222497
0.038897 0.794579 0.166524
0.028797 0.886023 0.085180
0.016687 0.953726 0.029587
0.003400 0.991503 0.005097
0.001007 0.997646 0.001347
0.007440 0.979920 0.012639
0.014747 0.953551 0.031702
0.023533 0.912552 0.063915
0.038564 0.810286 0.151151
0.049751 0.619706 0.330543
0.047108 0.489076 0.463816
0.043227 0.401132 0.555641
0.037628 0.308792 0.653579
0.028666 0.203628 0.767706
0.024958 0.172078 0.802965
0.021579 0.142460 0.835961
0.014912 0.089653 0.895435
0.009156 0.050968 0.939875
0.004975 0.025900 0.969124
0.003075 0.015564 0.981361
0.001665 0.008104 0.990231
0.000646 0.003000 0.996354
0.000248 0.001105 0.998647
0.000935 0.003965 0.995100
0.000855 0.003581 0.995563
0.002196 0.010027 0.987777
0.005927 0.030163 0.963910
0.014094 0.081457 0.904449
0.026679 0.180203 0.793118
0.039750 0.325093 0.635157
0.048154 0.500254 0.451591
0.047675 0.674288 0.278037
0.038207 0.817759 0.144035
0.023934 0.916223 0.059843
0.011920 0.968596 0.019484
0.006144 0.986611 0.007245
0.016310 0.969842 0.013848
0.050152 0.920083 0.029765
0.105806 0.849506 0.044688
0.202006 0.739599 0.058394
0.321081 0.615171 0.063747
0.473953 0.464886 0.061162
0.654108 0.297164 0.048727
0.767297 0.196764 0.035938
0.873783 0.104369 0.021848
0.942897 0.046338 0.010765
0.980110 0.015758 0.004132
0.994277 0.004472 0.001252
0.982059 0.013764 0.004177
0.961395 0.029129 0.009476
0.937158 0.046741 0.016102
0.906736 0.068349 0.024915
0.879487 0.087213 0.033300
0.864572 0.097320 0.038108
0.860778 0.099861 0.039361
0.870059 0.093590 0.036351
0.896912 0.075231 0.027857
0.926398 0.054472 0.019130
0.953983 0.034587 0.011431
0.976367 0.018037 0.005596
0.988428 0.008981 0.002591
0.986213 0.010888 0.002899
0.962681 0.030002 0.007317
0.905724 0.077288 0.016988
0.807427 0.161312 0.031261
0.677813 0.275973 0.046215
0.530161 0.411661 0.058178
0.374257 0.561576 0.064167
0.241299 0.697447 0.061253
0.132660 0.817140 0.050200
0.054636 0.912771 0.032593
0.019442 0.965257 0.015300
0.007206 0.986136 0.006658
0.002611 0.994596 0.002793
0.012161 0.968048 0.019791
0.016050 0.949160 0.034790
0.023379 0.913139 0.063482
0.021618 0.919884 0.058498
0.034997 0.838061 0.126941
0.048045 0.673532 0.278423
0.048155 0.550511 0.401334
0.043176 0.383963 0.572860
0.030371 0.214155 0.755474
0.017544 0.106749 0.875707
0.008265 0.044408 0.947327
0.002978 0.014300 0.982722
0.001661 0.007238 0.991102
0.004426 0.017543 0.978031
0.008856 0.032602 0.958541
0.015163 0.052222 0.932616
0.023572 0.075912 0.900516
0.029007 0.089759 0.881234
0.030010 0.092121 0.877869
0.029582 0.091057 0.879361
0.031931 0.096851 0.871218
0.025208 0.080208 0.894583
0.020059 0.066119 0.913822
0.015488 0.053033 0.931479
0.015413 0.052635 0.931953
0.013096 0.045728 0.941176
0.008077 0.030155 0.961768
0.003774 0.015013 0.981214
0.001555 0.006434 0.992011
0.002665 0.012138 0.985197
0.010433 0.055089 0.934478
0.007897 0.043555 0.948548
0.007452 0.040911 0.951637
0.017735 0.108609 0.873656
0.032751 0.238408 0.728840
0.047910 0.455171 0.496919
0.048783 0.642512 0.308705
0.044723 0.705692 0.249585
0.047246 0.629038 0.323717
0.047285 0.601874 0.350841
0.044954 0.715180 0.239866
0.038311 0.804783 0.156906
0.028511 0.885441 0.086048
0.018207 0.939024 0.042768
0.009365 0.974345 0.016290
0.004181 0.990287 0.005532
0.011893 0.976921 0.011186
0.046240 0.924810 0.028949
0.114835 0.837771 0.047394
0.204606 0.736933 0.058461
0.302691 0.634322 0.062986
0.448820 0.489074 0.062106
0.005413 0.985172 0.009415
0.880012 0.086858 0.033130
0.902891 0.071010 0.026098
0.924849 0.055529 0.019622
0.939709 0.044850 0.015441
0.959612 0.030431 0.009957
0.977761 0.016955 0.005283
0.989558 0.008056 0.002386
0.993722 0.004907 0.001370
0.982895 0.013586 0.003519
0.963563 0.029355 0.007081
0.906141 0.076985 0.016873
0.841058 0.132520 0.026422
0.750760 0.211285 0.037955
0.642313 0.308500 0.049187
0.517323 0.424119 0.058559
0.371679 0.564347 0.063973
0.263951 0.674303 0.061746
0.174617 0.770459 0.054924
0.103043 0.853207 0.043749
0.048700 0.922258 0.029041
0.020370 0.964036 0.015594
0.008208 0.982914 0.008879
0.003023 0.992904 0.004073
0.011498 0.967342 0.021160
0.020919 0.927499 0.051582
0.032223 0.860336 0.107441
0.042772 0.756705 0.200523
0.047314 0.649830 0.302856
0.047685 0.515694 0.436621
0.041677 0.360554 0.597769
0.032894 0.248070 0.719036
0.022461 0.146685 0.830855
0.014672 0.087893 0.897435
0.007191 0.038055 0.954754
0.002645 0.012948 0.984407
0.000919 0.004188 0.994893
0.003342 0.013668 0.982990
0.007079 0.026718 0.966203
0.012187 0.043151 0.944662
0.013814 0.047883 0.938303
0.011531 0.040881 0.947588
0.007085 0.026748 0.966166
0.003244 0.013191 0.983565
0.001324 0.005779 0.992897
0.002145 0.010134 0.987721
0.005565 0.028706 0.965729
0.011905 0.067848 0.920247
0.023301 0.151972 0.824727
0.035480 0.272769 0.691752
0.041868 0.371077 0.587055
0.047559 0.506603 0.445838
0.047619 0.664406 0.287975
0.040819 0.780484 0.178697
0.031293 0.866262 0.102446
0.019522 0.935360 0.045118
0.009053 0.975135 0.015812
0.004278 0.990060 0.005662
0.010937 0.978650 0.010414
0.025585 0.955921 0.018495
0.040260 0.935262 0.024478
0.101584 0.854560 0.043855
0.171217 0.774229 0.054554
0.156428 0.792050 0.051522
0.110786 0.844620 0.044595
0.072520 0.891934 0.035546
0.031944 0.945738 0.022317
0.010454 0.979584 0.009961
0.006701 0.984310 0.008989
0.010449 0.970710 0.018840
0.020555 0.929457 0.049988
0.034383 0.846663 0.118954
0.042771 0.753905 0.203324
0.047772 0.634995 0.317232
0.047413 0.505528 0.447059
0.040917 0.347742 0.611341
0.031420 0.231420 0.737161
0.021897 0.142793 0.835310
0.013148 0.076627 0.910225
0.006503 0.034368 0.959129
0.002471 0.011716 0.985812
0.000957 0.004218 0.994826
0.003157 0.012778 0.984065
0.006260 0.023766 0.969974
0.011024 0.039453 0.949523
0.017811 0.059908 0.922280
0.023906 0.076629 0.899466
0.031282 0.095462 0.873256
0.036412 0.107586 0.856003
0.035612 0.105634 0.858754
0.033569 0.100822 0.865609
0.027451 0.085928 0.886622
0.021994 0.071475 0.906531
0.015824 0.054187 0.929988
0.010824 0.038802 0.950373
0.006773 0.025511 0.967716
0.003963 0.015535 0.980502
0.002018 0.008289 0.989693
0.000783 0.003337 0.995880
0.001064 0.004826 0.994110
0.001584 0.007573 0.990844
0.003958 0.020106 0.975936
0.009141 0.050401 0.940458
0.012648 0.074115 0.913237
0.023646 0.156059 0.820296
0.032825 0.246467 0.720708
0.040703 0.350641 0.608656
0.047114 0.487142 0.465744
0.048033 0.612679 0.339287
0.044250 0.729308 0.226441
0.034939 0.842181 0.122880
0.023197 0.915846 0.060957
0.012711 0.962334 0.024956
0.006760 0.983861 0.009379
0.004080 0.991445 0.004475
0.002204 0.994875 0.002921
0.002772 0.993057 0.004171
0.016166 0.949924 0.033910
0.018333 0.936845 0.044822
0.024674 0.904636 0.070690
0.037252 0.818274 0.144474
0.046590 0.689898 0.263512
0.048291 0.558765 0.392944
0.044601 0.419635 0.535764
0.036512 0.289714 0.673774
0.024901 0.166436 0.808663
0.014872 0.088477 0.896651
0.007574 0.040713 0.951714
0.002923 0.014197 0.982880
0.000919 0.004151 0.994930
0.000956 0.004082 0.994962
0.003200 0.012798 0.984002
0.005456 0.020851 0.973694
0.008347 0.030666 0.960986
0.013118 0.045888 0.940994
0.020421 0.067252 0.912327
0.029410 0.090957 0.879633
0.030022 0.092153 0.877825
0.025315 0.080312 0.894373
0.021107 0.068987 0.909906
0.015103 0.052071 0.932826
0.009681 0.035216 0.955104
0.005081 0.019909 0.975010
0.002051 0.008675 0.989274
0.002161 0.009982 0.987857
0.008017 0.041858 0.950126
0.012137 0.069802 0.918061
0.023336 0.152712 0.823952
0.033271 0.250391 0.716338
0.042282 0.373533 0.584185
0.048660 0.540849 0.410491
0.046452 0.698906 0.254642
0.038399 0.806663 0.154938
0.026027 0.904984 0.068989
0.012783 0.963526 0.023691
0.005656 0.986713 0.007631
0.018530 0.965094 0.016376
0.045090 0.927037 0.027873
0.104574 0.850676 0.044749
0.200136 0.741581 0.058283
0.363152 0.571949 0.064899
0.522349 0.418974 0.058678
0.691358 0.263722 0.044920
0.811563 0.157953 0.030484
0.890701 0.090167 0.019132
0.944687 0.044923 0.010390
0.978492 0.017182 0.004327
0.992467 0.005919 0.001613
0.990614 0.007263 0.002123
0.975294 0.018817 0.005890
0.960485 0.029753 0.009762
0.940560 0.044257 0.015183
0.920312 0.058732 0.020957
0.924996 0.055367 0.019637
0.935718 0.047717 0.016564
0.953607 0.034802 0.011591
0.973537 0.020159 0.006304
0.988309 0.009048 0.002644
0.997462 0.001981 0.000557
0.985100 0.011810 0.003090
0.954095 0.037046 0.008860
0.899485 0.082608 0.017908
0.831811 0.140495 0.027693
0.707606 0.249323 0.043071
0.649604 0.302270 0.048126
0.538425 0.404480 0.057096
0.418826 0.518524 0.062650
0.300890 0.636004 0.063106
0.207690 0.734218 0.058092
0.110073 0.843730 0.046197
0.056214 0.912644 0.031142
0.020928 0.960908 0.018164
0.007529 0.983058 0.009413
0.014391 0.958881 0.026728
0.021894 0.922991 0.055115
0.040823 0.796439 0.162738
0.044532 0.719559 0.235909
0.039638 0.786270 0.174092
0.027953 0.897584 0.074462
0.013066 0.963121 0.023813
0.007576 0.982937 0.009487
0.009136 0.982186 0.008678
0.036914 0.938535 0.024551
0.072891 0.890832 0.036277
0.162460 0.783070 0.054471
0.251379 0.687457 0.061163
0.358935 0.577580 0.063485
0.440721 0.497790 0.061489
0.499669 0.441533 0.058798
0.551408 0.392868 0.055724
0.572172 0.373615 0.054214
0.597010 0.350621 0.052369
0.659347 0.293502 0.047150
0.658109 0.294753 0.047138
0.626525 0.323471 0.050004
0.562944 0.381996 0.055060
0.539650 0.403933 0.056416
0.520141 0.422287 0.057572
0.463894 0.475631 0.060475
0.378105 0.558914 0.062981
0.294972 0.642631 0.062397
0.193935 0.748917 0.057148
0.115408 0.838294 0.046298
0.053045 0.915978 0.030977
0.018507 0.965680 0.015813
0.005166 0.988993 0.005841
0.009511 0.975172 0.015316
0.021521 0.927733 0.050746
0.035580 0.839832 0.124588
0.046128 0.708683 0.245189
0.041180 0.764603 0.194217
0.033150 0.853286 0.113564
0.021241 0.927124 0.051635
0.010386 0.971729 0.017885
0.007563 0.983432 0.009004
0.019796 0.963883 0.016320
0.056726 0.911056 0.032218
0.120587 0.831661 0.047752
0.228978 0.710357 0.060666
0.331581 0.604971 0.063449
0.444611 0.493667 0.061722
0.573265 0.371925 0.054809
0.696866 0.259263 0.043871
0.777892 0.187630 0.034478
0.836447 0.136718 0.026835
0.903998 0.078939 0.017062
0.957220 0.034533 0.008247
0.985712 0.011325 0.002963
0.996099 0.003055 0.000845
0.993539 0.005003 0.001458
0.982163 0.013641 0.004197
0.968090 0.024137 0.007773
0.943954 0.041823 0.014223
0.934061 0.048903 0.017036
0.922390 0.057229 0.020381
0.920212 0.058764 0.021024
0.937913 0.046174 0.015913
0.958787 0.031025 0.010187
0.977449 0.017210 0.005341
0.990307 0.007492 0.002201
0.993807 0.004850 0.001343
0.977703 0.017762 0.004535
0.953781 0.037381 0.008837
0.905747 0.077416 0.016837
0.808290 0.160633 0.031077
0.692340 0.263085 0.044575
0.554515 0.389033 0.056451
0.392058 0.543916 0.064026
0.226110 0.712462 0.061428
0.120743 0.831173 0.048085
0.054615 0.913889 0.031496
0.019524 0.964359 0.016118
0.009925 0.977573 0.012502
0.010015 0.972637 0.017347
0.022636 0.921293 0.056071
0.037762 0.821597 0.140641
0.045471 0.711736 0.242794
0.048650 0.558918 0.392432
0.044731 0.423174 0.532095
0.035718 0.277579 0.686704
0.026066 0.179264 0.794669
0.016368 0.099222 0.884410
0.008052 0.043264 0.948685
0.003141 0.014747 0.982112
0.001654 0.007113 0.991232
0.003783 0.015053 0.981164
0.007729 0.028784 0.963487
0.014106 0.049060 0.936834
0.019168 0.063647 0.917185
0.026082 0.082358 0.891560
0.030398 0.093156 0.876446
0.031380 0.095496 0.873125
0.025505 0.080901 0.893594
0.017461 0.059192 0.923346
0.011166 0.039952 0.948882
0.007530 0.027978 0.964491
0.005003 0.019246 0.975751
0.002624 0.010704 0.986672
0.001090 0.004725 0.994184
0.001454 0.006746 0.991801
0.005012 0.025453 0.969535
0.010290 0.057441 0.932269
0.018771 0.116961 0.864267
0.028676 0.202665 0.768659
0.040600 0.341262 0.618138
0.046738 0.474433 0.478829
0.048328 0.637581 0.314091
0.042366 0.761489 0.196145
0.033261 0.851574 0.115165
0.022125 0.921843 0.056032
0.017614 0.939308 0.043078
0.010311 0.971270 0.018418
0.003983 0.990489 0.005528
0.002199 0.995263 0.002538
0.004170 0.991673 0.004157
0.004683 0.989105 0.006212
0.009503 0.973758 0.016740
0.022105 0.923241 0.054654
0.028568 0.882621 0.088810
0.041969 0.770626 0.187405
0.047083 0.661940 0.290977
0.047836 0.509656 0.442508
0.042758 0.385784 0.571457
0.035029 0.273086 0.691885
0.026126 0.180060 0.793815
0.017673 0.109673 0.872654
0.009479 0.052245 0.938276
0.004794 0.024900 0.970307
0.001934 0.009184 0.988881
0.000490 0.002210 0.997300
0.000606 0.002610 0.996784
0.001398 0.005788 0.992814
0.003759 0.014791 0.981450
0.006166 0.023298 0.970537
0.008945 0.032614 0.958441
0.013732 0.047750 0.938518
0.020634 0.067809 0.911556
0.027651 0.086398 0.885951
0.034801 0.103903 0.861295
0.038760 0.112938 0.848302
0.040304 0.116367 0.843328
0.040153 0.116028 0.843818
0.034351 0.102856 0.862792
0.027698 0.086561 0.885741
0.020809 0.068374 0.910817
0.013765 0.048161 0.938075
0.008158 0.030260 0.961582
0.004177 0.016493 0.979331
0.001735 0.007305 0.990959
0.002100 0.009642 0.988258
0.003821 0.019057 0.977121
0.010435 0.057847 0.931717
0.017944 0.110827 0.871229
0.027572 0.192268 0.780160
0.037238 0.298907 0.663856
0.046150 0.449291 0.504559
0.048305 0.581449 0.370246
0.045549 0.705099 0.249352
0.038005 0.811148 0.150847
0.026170 0.902120 0.071710
0.014168 0.956775 0.029057
0.006402 0.983814 0.009784
0.005192 0.988881 0.005926
0.011768 0.977863 0.010368
0.036162 0.940205 0.023633
0.082272 0.878649 0.039080
0.136336 0.814139 0.049525
0.172297 0.773952 0.053751
0.122919 0.830208 0.046873
0.068619 0.896274 0.035107
0.031370 0.947164 0.021466
0.012448 0.976922 0.010630
0.004973 0.989452 0.005575
0.007958 0.979667 0.012375
0.014107 0.956889 0.029005
0.024657 0.907931 0.067411
0.035338 0.834991 0.129671
0.045342 0.715767 0.238891
0.048265 0.592269 0.359466
0.045940 0.451650 0.502410
0.037253 0.295586 0.667161
0.026778 0.185056 0.788165
0.016762 0.102076 0.881162
0.008775 0.047989 0.943236
0.003426 0.016702 0.979873
0.001113 0.005009 0.993878
0.002592 0.010678 0.986730
0.004906 0.019004 0.976091
0.009130 0.033358 0.957512
0.013313 0.046474 0.940213
0.012579 0.044080 0.943340
0.007487 0.028419 0.964095
0.003023 0.012498 0.984479
0.001192 0.005294 0.993514
0.001868 0.008879 0.989253
0.005703 0.029531 0.964765
0.010975 0.062098 0.926927
0.021640 0.138756 0.839604
0.030200 0.218840 0.750960
0.038975 0.323813 0.637211
0.045517 0.444048 0.510435
0.048367 0.580618 0.371015
0.045056 0.722982 0.231962
0.036772 0.821673 0.141555
0.026684 0.896047 0.077269
0.015366 0.953115 0.031518
0.006246 0.983940 0.009814
0.003934 0.991328 0.004738
0.016757 0.968954 0.014288
0.034932 0.942247 0.022821
0.072000 0.892129 0.035870
0.132173 0.818745 0.049082
0.231806 0.707813 0.060382
0.331395 0.605246 0.063359
0.446888 0.491441 0.061671
0.568151 0.376753 0.055096
0.707756 0.249350 0.042893
0.808325 0.160902 0.030773
0.885930 0.094218 0.019853
0.941001 0.047982 0.011017
0.977180 0.018232 0.004589
0.993372 0.005223 0.001405
0.991573 0.006536 0.001891
0.983984 0.012269 0.003747
0.969185 0.023330 0.007485
0.950820 0.036820 0.012360
0.924521 0.055767 0.019712
0.903528 0.070550 0.025922
0.881336 0.085917 0.032747
0.855356 0.103561 0.041082
0.849212 0.107625 0.043163
0.857315 0.102202 0.040483
0.876516 0.089228 0.034256
0.900839 0.072460 0.026701
0.922475 0.057209 0.020316
0.942560 0.042822 0.014617
0.961194 0.029239 0.009566
0.978301 0.016572 0.005128
0.990808 0.007108 0.002085
0.994731 0.004124 0.001145
0.987526 0.009894 0.002580
0.959156 0.032923 0.007921
0.920019 0.065446 0.014535
0.836254 0.136510 0.027236
0.751007 0.211088 0.037905
0.655014 0.297080 0.047906
0.529503 0.412656 0.057841
0.413123 0.524121 0.062757
0.288982 0.648076 0.062942
0.190206 0.753083 0.056710
0.119155 0.834131 0.046714
0.059791 0.907408 0.032802
0.026918 0.954013 0.019068
0.009918 0.980761 0.009320
0.005776 0.986749 0.007475
0.007312 0.980500 0.012188
0.015128 0.952347 0.032525
0.026867 0.895611 0.077522
