0.904277 0.070025 0.025697
0.908967 0.066698 0.024334
0.925141 0.055302 0.019556
0.942481 0.042866 0.014653
0.958594 0.031136 0.010271
0.970126 0.022611 0.007262
0.975727 0.018431 0.005841
0.984761 0.011674 0.003565
0.992210 0.006041 0.001748
0.981789 0.014396 0.003814
0.987428 0.010021 0.002551
0.990162 0.007837 0.002001
0.972510 0.022097 0.005393
0.913559 0.070735 0.015706
0.857601 0.118349 0.024050
0.741759 0.218978 0.039263
0.602317 0.344692 0.052991
0.450824 0.487018 0.062159
0.307293 0.628946 0.063761
0.187986 0.754948 0.057065
0.081125 0.877646 0.041229
0.032723 0.945181 0.022096
0.011962 0.976312 0.011726
0.010934 0.972705 0.016361
0.016951 0.947079 0.035970
0.025165 0.904646 0.070189
0.028051 0.883538 0.088411
0.040847 0.781161 0.177992
0.041936 0.752872 0.205192
0.049094 0.577011 0.373895
0.046194 0.469264 0.484541
0.041268 0.362331 0.596401
0.030889 0.223212 0.745899
0.022220 0.146344 0.831436
0.015129 0.091248 0.893623
0.007415 0.039298 0.953287
0.002606 0.012423 0.984971
0.000541 0.002448 0.997012
0.004918 0.019618 0.975464
0.003676 0.014405 0.981918
0.002688 0.010740 0.986572
0.001454 0.006120 0.992426
0.000916 0.004093 0.994991
0.000732 0.003408 0.995860
0.002074 0.010118 0.987808
0.001332 0.006457 0.992211
0.001217 0.005878 0.992905
0.004817 0.024824 0.970359
0.004288 0.022300 0.973412
0.004854 0.025500 0.969646
0.005720 0.030496 0.963785
0.006943 0.037750 0.955307
0.016124 0.097069 0.886807
0.017537 0.110029 0.872434
0.020804 0.135880 0.843316
0.024619 0.168600 0.806781
0.033547 0.256008 0.710445
0.033250 0.257383 0.709367
0.034604 0.273397 0.692000
0.035482 0.284437 0.680082
0.033392 0.258843 0.707765
0.031634 0.238980 0.729386
0.030276 0.224399 0.745325
0.020185 0.127769 0.852046
0.018675 0.119144 0.862181
0.011158 0.063242 0.925599
0.006081 0.032293 0.961626
0.003663 0.018739 0.977598
0.003375 0.017237 0.979388
0.001863 0.009111 0.989026
0.000830 0.003927 0.995243
0.001666 0.008110 0.990225
0.000696 0.003187 0.996117
0.000053 0.000240 0.999707
0.000650 0.002793 0.996558
0.001593 0.006565 0.991842
0.003065 0.012175 0.984760
0.002575 0.010292 0.987133
0.001862 0.008023 0.990115
0.005728 0.027976 0.966296
0.004385 0.022661 0.972954
0.007308 0.039696 0.952997
0.017094 0.103769 0.879137
0.027961 0.194603 0.777436
0.038855 0.318023 0.643122
0.046588 0.463760 0.489652
0.047595 0.547787 0.404618
0.046490 0.691216 0.262293
0.041038 0.770109 0.188853
0.034714 0.836465 0.128821
0.026938 0.892493 0.080569
0.018570 0.936709 0.044720
0.010751 0.968435 0.020814
0.006386 0.984808 0.008806
0.009740 0.980623 0.009637
0.047415 0.922593 0.029992
0.124409 0.825866 0.049725
0.135017 0.816526 0.048457
0.162567 0.785005 0.052428
0.258386 0.680162 0.061452
0.446579 0.490262 0.063159
0.652224 0.298461 0.049315
0.732187 0.228059 0.039754
0.866991 0.109885 0.023124
0.944131 0.045296 0.010574
0.973759 0.021092 0.005149
0.989059 0.008698 0.002243
0.995850 0.003259 0.000892
0.999805 0.000152 0.000042
0.983995 0.012300 0.003704
0.971724 0.021455 0.006821
0.970605 0.022241 0.007154
0.964854 0.026497 0.008648
0.945350 0.040783 0.013866
0.923639 0.056373 0.019988
0.901727 0.071806 0.026466
0.895135 0.076358 0.028508
0.909447 0.066389 0.024164
0.924484 0.055758 0.019758
0.950703 0.037024 0.012273
0.975463 0.018695 0.005842
0.988728 0.008713 0.002559
0.991261 0.006860 0.001879
0.977661 0.017821 0.004518
0.941778 0.047248 0.010974
0.878094 0.100731 0.021174
0.784184 0.181750 0.034066
0.663473 0.289105 0.047422
0.460406 0.476754 0.062840
0.387443 0.549815 0.062742
0.217183 0.721723 0.061094
0.123687 0.828276 0.048038
0.117000 0.837786 0.045213
0.063127 0.903199 0.033674
0.026826 0.953751 0.019423
0.012395 0.973405 0.014200
0.006627 0.983201 0.010171
0.006988 0.980601 0.012411
0.010949 0.966935 0.022116
0.033939 0.858261 0.107800
0.041705 0.771099 0.187196
0.049846 0.570684 0.379471
0.047070 0.525235 0.427695
0.046325 0.492140 0.461535
0.041500 0.362820 0.595680
0.031874 0.235104 0.733022
0.017618 0.104817 0.877565
0.009146 0.050794 0.940059
0.004283 0.021780 0.973937
0.002134 0.010551 0.987315
0.006500 0.034485 0.959015
0.013483 0.078705 0.907812
0.016676 0.103147 0.880177
0.036853 0.277844 0.685303
0.047355 0.461187 0.491458
0.048678 0.655167 0.296155
0.038909 0.815418 0.145673
0.023410 0.920967 0.055622
0.010314 0.970248 0.019439
0.006680 0.981230 0.012090
0.005160 0.985984 0.008856
0.008076 0.976777 0.015147
0.004268 0.989340 0.006392
0.004241 0.990886 0.004874
0.006251 0.987771 0.005978
0.038474 0.936142 0.025384
0.044845 0.929071 0.026085
0.140917 0.806788 0.052295
0.237296 0.701901 0.060803
0.323726 0.613211 0.063063
0.300721 0.637289 0.061990
0.283189 0.655353 0.061457
0.151128 0.795048 0.053824
0.063920 0.900607 0.035473
0.032095 0.946898 0.021007
0.022723 0.961168 0.016110
0.010631 0.979995 0.009374
0.009543 0.977721 0.012736
0.006012 0.984095 0.009893
0.011974 0.963860 0.024166
0.031649 0.871605 0.096747
0.042194 0.768921 0.188885
0.049196 0.599889 0.350915
0.047188 0.518086 0.434726
0.040451 0.335541 0.624008
0.033646 0.259851 0.706503
0.031171 0.233821 0.735007
0.022958 0.152076 0.824966
0.012441 0.070703 0.916856
0.005793 0.030388 0.963818
0.007490 0.040946 0.951564
0.003798 0.019246 0.976956
0.001674 0.007656 0.990670
0.003337 0.013687 0.982976
0.001873 0.007608 0.990519
0.005948 0.022661 0.971391
0.008139 0.029957 0.961905
0.016326 0.055714 0.927959
0.020223 0.066541 0.913236
0.024600 0.078355 0.897045
0.028515 0.088431 0.883054
0.031847 0.096669 0.871485
0.037566 0.110252 0.852182
0.042797 0.121943 0.835260
0.047725 0.132429 0.819846
0.048802 0.134599 0.816599
0.049221 0.135461 0.815318
0.052801 0.142711 0.804488
0.055832 0.148639 0.795529
0.054201 0.145466 0.800334
0.050058 0.137253 0.812689
0.041859 0.120150 0.837991
0.033632 0.101268 0.865099
0.027639 0.086329 0.886032
0.020434 0.067414 0.912152
0.013368 0.046930 0.939702
0.008212 0.030369 0.961419
0.004494 0.017580 0.977926
0.002004 0.008350 0.989646
0.001265 0.005660 0.993075
0.002368 0.011400 0.986232
0.003096 0.015578 0.981326
0.016643 0.097008 0.886349
0.033194 0.237682 0.729123
0.041480 0.357947 0.600573
0.048013 0.512982 0.439004
0.046976 0.712281 0.240743
0.033331 0.866063 0.100606
0.017475 0.943781 0.038744
0.011359 0.972848 0.015793
0.022485 0.958038 0.019477
0.022140 0.961777 0.016083
0.044361 0.929369 0.026270
0.105370 0.850049 0.044581
0.192032 0.750773 0.057195
0.273913 0.664225 0.061862
0.346532 0.590496 0.062972
0.493643 0.446310 0.060046
0.696775 0.258367 0.044858
0.822544 0.148400 0.029056
0.889525 0.091235 0.019240
0.945061 0.044591 0.010349
0.980455 0.015540 0.004006
0.992689 0.005717 0.001594
0.993343 0.005151 0.001506
0.984078 0.012188 0.003734
0.970537 0.022318 0.007144
0.954025 0.034475 0.011501
0.935583 0.047830 0.016587
0.916022 0.061762 0.022216
0.903842 0.070301 0.025857
0.906493 0.068433 0.025074
0.922271 0.057341 0.020388
0.945443 0.040772 0.013785
0.969403 0.023262 0.007336
0.985307 0.011382 0.003310
0.982377 0.013926 0.003697
0.980646 0.015474 0.003880
0.993564 0.005088 0.001348
0.997507 0.001969 0.000524
0.987275 0.010135 0.002590
0.975189 0.019924 0.004887
0.917917 0.067088 0.014995
0.817749 0.152295 0.029956
0.720273 0.238249 0.041478
0.531601 0.409590 0.058809
0.427362 0.510395 0.062243
0.327346 0.609440 0.063213
0.204807 0.736559 0.058634
0.112205 0.841567 0.046228
0.051780 0.917936 0.030284
0.018923 0.965489 0.015588
0.006998 0.984906 0.008096
0.009328 0.975485 0.015187
0.019848 0.934355 0.045797
0.040923 0.802066 0.157011
0.042550 0.749403 0.208047
0.049165 0.571622 0.379213
0.044496 0.410326 0.545178
0.035622 0.278219 0.686159
0.028352 0.202697 0.768951
0.020220 0.129641 0.850138
0.018889 0.120831 0.860280
0.012602 0.073484 0.913914
0.010089 0.057509 0.932403
0.007167 0.039004 0.953830
0.014486 0.086015 0.899499
0.023241 0.153724 0.823036
0.034609 0.264633 0.700758
0.042923 0.385774 0.571303
0.049007 0.561611 0.389381
0.047022 0.641235 0.311744
0.044394 0.716124 0.239482
0.039720 0.786103 0.174178
0.028491 0.891505 0.080004
0.014521 0.956841 0.028638
0.006841 0.983616 0.009543
0.014717 0.971512 0.013771
0.028284 0.951807 0.019909
0.054365 0.915507 0.030128
0.098772 0.858806 0.042423
0.064814 0.902022 0.033164
0.041147 0.934010 0.024843
0.047521 0.925542 0.026937
0.020106 0.963387 0.016506
0.007468 0.983794 0.008738
0.014155 0.973602 0.012243
0.014551 0.973986 0.011463
0.013510 0.975766 0.010724
0.013627 0.975576 0.010797
0.014645 0.973923 0.011432
0.006789 0.986702 0.006509
0.005000 0.988547 0.006453
0.001787 0.996218 0.001996
0.023848 0.957675 0.018477
0.011730 0.978659 0.009611
0.017467 0.969346 0.013187
0.020882 0.964061 0.015057
0.018331 0.968039 0.013630
0.009130 0.981083 0.009788
0.001052 0.997807 0.001141
0.031871 0.945167 0.022962
0.046514 0.926364 0.027122
0.080817 0.881308 0.037875
0.081012 0.881731 0.037257
0.098420 0.860063 0.041517
0.050451 0.920066 0.029483
0.021879 0.961700 0.016421
0.008527 0.982475 0.008997
0.003644 0.991447 0.004908
0.010473 0.970605 0.018922
0.032880 0.869618 0.097502
0.036864 0.819302 0.143834
0.043771 0.733094 0.223135
0.043454 0.726548 0.229998
0.047547 0.625833 0.326619
0.047432 0.523806 0.428762
0.041706 0.359136 0.599158
0.032359 0.241609 0.726032
0.025129 0.172289 0.802582
0.016548 0.100958 0.882494
0.009260 0.051258 0.939483
0.005441 0.028719 0.965840
0.006653 0.035988 0.957359
0.013490 0.079188 0.907321
0.016632 0.102905 0.880463
0.019904 0.128505 0.851591
0.030344 0.219950 0.749706
0.034515 0.270555 0.694930
0.048519 0.484896 0.466585
0.048113 0.637396 0.314491
0.041928 0.770796 0.187276
0.030686 0.873531 0.095783
0.017988 0.942163 0.039849
0.008258 0.978628 0.013114
0.006409 0.986259 0.007333
0.037101 0.936528 0.026371
0.071249 0.892511 0.036240
0.141092 0.807968 0.050940
0.231303 0.708598 0.060099
0.325327 0.611478 0.063194
0.456226 0.482236 0.061537
0.645022 0.305274 0.049704
0.812125 0.157003 0.030872
0.901954 0.080608 0.017438
0.958604 0.033372 0.008023
0.982988 0.013600 0.003412
0.993744 0.004942 0.001314
0.998839 0.000913 0.000247
0.996399 0.002803 0.000798
0.990490 0.007326 0.002184
0.959547 0.030526 0.009928
0.960076 0.030017 0.009906
0.956469 0.032657 0.010874
0.933307 0.049471 0.017222
0.911733 0.064794 0.023473
0.889753 0.080121 0.030126
0.883051 0.084703 0.032246
0.897341 0.074849 0.027810
0.912411 0.064303 0.023286
0.940327 0.044541 0.015132
0.966687 0.025215 0.008098
0.983492 0.012672 0.003836
0.994287 0.004424 0.001288
0.990953 0.007111 0.001937
0.975996 0.019173 0.004831
0.938647 0.049848 0.011506
0.873656 0.104512 0.021832
0.778953 0.186338 0.034709
0.590603 0.354634 0.054763
0.461102 0.477451 0.061447
0.274241 0.661572 0.064187
0.165251 0.780441 0.054307
0.119210 0.834741 0.046049
0.117000 0.837786 0.045213
0.063127 0.903199 0.033674
0.026826 0.953751 0.019423
0.012395 0.973405 0.014200
0.007042 0.982056 0.010902
0.015353 0.952459 0.032188
0.027953 0.890524 0.081523
0.045703 0.735325 0.218972
0.048160 0.617719 0.334121
0.044885 0.399246 0.555869
0.026940 0.171369 0.801691
0.012827 0.073795 0.913378
0.005522 0.028366 0.966112
0.001874 0.008745 0.989382
0.001679 0.007170 0.991152
0.001564 0.006445 0.991991
0.005804 0.022226 0.971970
0.010680 0.038396 0.950924
0.016525 0.056143 0.927332
0.027829 0.087165 0.885007
0.030335 0.092975 0.876689
0.038449 0.112368 0.849184
0.050313 0.138043 0.811644
0.052957 0.143023 0.804020
0.048992 0.135064 0.815944
0.047548 0.132012 0.820440
0.045477 0.127665 0.826858
0.042617 0.121519 0.835864
0.039010 0.113523 0.847467
0.033101 0.099869 0.867030
0.032842 0.099048 0.868110
0.028101 0.087480 0.884420
0.027071 0.084707 0.888223
0.026071 0.082134 0.891794
0.020447 0.067317 0.912236
0.014311 0.049673 0.936016
0.008706 0.032128 0.959166
0.005896 0.022329 0.971775
0.003269 0.013321 0.983410
0.002058 0.009177 0.988765
0.000843 0.003940 0.995217
0.000206 0.000946 0.998848
0.006579 0.033685 0.959737
0.015991 0.094113 0.889896
0.020122 0.129289 0.850588
0.018889 0.120831 0.860280
0.026858 0.187515 0.785627
0.034478 0.267647 0.697874
0.039305 0.334167 0.626528
0.046605 0.470287 0.483108
0.048430 0.643924 0.307646
0.041980 0.766324 0.191696
0.030254 0.879792 0.089953
0.016894 0.945943 0.037163
0.008180 0.977165 0.014655
0.004038 0.990371 0.005591
0.019370 0.963433 0.017197
0.030065 0.949369 0.020566
0.038950 0.937332 0.023717
0.077721 0.885065 0.037214
0.147558 0.800822 0.051620
0.220890 0.720172 0.058938
0.255523 0.684101 0.060376
0.190519 0.753414 0.056067
0.136619 0.814188 0.049192
0.094162 0.864821 0.041017
0.046203 0.925816 0.027981
0.023783 0.959281 0.016936
0.009663 0.981180 0.009157
0.002206 0.995433 0.002361
0.000832 0.998168 0.000999
0.007085 0.981628 0.011287
0.006366 0.982384 0.011251
0.029943 0.886210 0.083847
0.036403 0.825518 0.138078
0.049221 0.641659 0.309121
0.046482 0.434430 0.519088
0.038059 0.311302 0.650639
0.023852 0.153410 0.822737
0.011343 0.063205 0.925452
0.005522 0.029054 0.965424
0.002324 0.010932 0.986744
0.000310 0.001431 0.998259
0.001118 0.005327 0.993555
0.006181 0.032167 0.961652
0.007671 0.041976 0.950353
0.017378 0.106030 0.876592
0.028028 0.195522 0.776450
0.032518 0.246930 0.720552
0.047693 0.459125 0.493181
0.048453 0.607697 0.343850
0.045695 0.686579 0.267726
0.044873 0.697675 0.257452
0.038166 0.812659 0.149175
0.024328 0.918910 0.056762
0.009468 0.974253 0.016278
0.003022 0.992758 0.004220
0.000418 0.999023 0.000559
0.012751 0.975340 0.011909
0.030739 0.948032 0.021229
0.076002 0.886415 0.037582
0.158028 0.788304 0.053668
0.219597 0.721774 0.058629
0.300746 0.636700 0.062554
0.377594 0.559541 0.062865
0.544138 0.398502 0.057360
0.674435 0.279394 0.046171
0.810724 0.158510 0.030766
0.903237 0.079471 0.017293
0.959689 0.032491 0.007820
0.986949 0.010335 0.002716
0.996515 0.002729 0.000756
0.993407 0.005104 0.001489
0.984032 0.012225 0.003744
0.951920 0.036097 0.011983
0.920159 0.058918 0.020923
0.905436 0.069204 0.025360
0.005413 0.985172 0.009415
0.320980 0.616570 0.062450
0.243025 0.696751 0.060224
0.187405 0.757008 0.055587
0.187619 0.757220 0.055161
0.102587 0.853021 0.044392
0.051332 0.919170 0.029498
0.031615 0.947778 0.020607
0.013191 0.974962 0.011847
0.003272 0.993159 0.003569
0.002273 0.994725 0.003002
0.016126 0.952165 0.031709
0.018147 0.938324 0.043529
0.035532 0.839584 0.124884
0.039569 0.787943 0.172488
0.044356 0.717183 0.238462
0.048837 0.531713 0.419450
0.045269 0.449035 0.505695
0.036323 0.281903 0.681774
0.020369 0.124012 0.855619
0.012478 0.073119 0.914404
0.007623 0.041497 0.950881
0.005995 0.032129 0.961877
0.002713 0.013203 0.984084
0.000983 0.004429 0.994588
0.000017 0.000078 0.999904
0.000297 0.001291 0.998412
0.000809 0.003410 0.995781
0.001421 0.005850 0.992729
0.004530 0.017612 0.977858
0.008752 0.032109 0.959139
0.011174 0.039758 0.949068
0.011166 0.039673 0.949161
0.013559 0.047103 0.939338
0.015735 0.053609 0.930656
0.014626 0.050310 0.935065
0.013147 0.045848 0.941006
0.008562 0.031640 0.959798
0.005823 0.022072 0.972105
0.004110 0.016015 0.979875
0.002228 0.009114 0.988658
0.001261 0.005516 0.993223
0.000705 0.003237 0.996058
0.004221 0.021103 0.974676
0.005098 0.026721 0.968181
0.012571 0.072393 0.915036
0.019026 0.120042 0.860932
0.027356 0.191492 0.781152
0.039246 0.322737 0.638017
0.040291 0.352381 0.607328
0.046715 0.478695 0.474591
0.048253 0.645976 0.305771
0.042206 0.761350 0.196444
0.032956 0.854829 0.112215
0.021662 0.923973 0.054365
0.011535 0.969118 0.019347
0.004842 0.989122 0.006036
0.011162 0.978543 0.010294
0.023531 0.959322 0.017147
0.044882 0.928614 0.026505
0.110787 0.843337 0.045877
0.192897 0.749985 0.057118
0.289366 0.647999 0.062635
0.451334 0.486341 0.062325
0.593872 0.352713 0.053415
0.727895 0.231446 0.040660
0.843523 0.130283 0.026194
0.921947 0.063790 0.014263
0.968810 0.025038 0.006152
0.990369 0.007622 0.002009
0.989076 0.008477 0.002447
0.980482 0.014924 0.004594
0.961174 0.029267 0.009558
0.947408 0.039288 0.013304
0.914037 0.063219 0.022744
0.889313 0.080445 0.030242
0.863450 0.098113 0.038437
0.843151 0.111692 0.045156
0.831567 0.119322 0.049111
0.842982 0.111787 0.045231
0.857688 0.101970 0.040343
0.873872 0.091014 0.035114
0.894813 0.076633 0.028554
0.919438 0.059391 0.021171
0.939386 0.045102 0.015512
0.962179 0.028581 0.009240
0.982103 0.013708 0.004189
0.992794 0.005567 0.001639
0.990126 0.007749 0.002125
0.976163 0.019025 0.004812
0.957513 0.034350 0.008137
0.853920 0.120947 0.025133
0.801089 0.167260 0.031651
0.667362 0.285462 0.047176
0.494978 0.444442 0.060580
0.372488 0.563941 0.063571
0.260974 0.677320 0.061706
0.154318 0.792590 0.053092
0.071937 0.890730 0.037333
0.027900 0.951809 0.020291
0.010288 0.978655 0.011057
0.001655 0.996240 0.002105
0.005496 0.985780 0.008724
0.011681 0.965169 0.023151
0.027376 0.895278 0.077346
0.037211 0.818972 0.143816
0.046672 0.688871 0.264457
0.048386 0.536874 0.414740
0.040607 0.332239 0.627154
0.028390 0.198766 0.772845
0.017045 0.103532 0.879423
0.008251 0.044449 0.947301
0.003319 0.016562 0.980119
0.001399 0.006360 0.992241
0.001777 0.007467 0.990757
0.001557 0.006393 0.992050
0.003834 0.015040 0.981125
0.008067 0.029842 0.962091
0.015035 0.051856 0.933109
0.018232 0.060908 0.920860
0.018065 0.060346 0.921590
0.017721 0.059367 0.922912
0.017372 0.058363 0.924265
0.016370 0.055464 0.928166
0.017165 0.057761 0.925074
0.014290 0.049375 0.936335
0.014310 0.049346 0.936344
0.012189 0.042928 0.944883
0.011745 0.041491 0.946764
0.011234 0.039894 0.948871
0.008610 0.031547 0.959842
0.007398 0.027427 0.965175
0.008880 0.032343 0.958777
0.007809 0.028810 0.963381
0.008456 0.030939 0.960605
0.008780 0.032002 0.959218
0.008717 0.031799 0.959484
0.008051 0.029606 0.962343
0.007136 0.026544 0.966320
0.008403 0.030769 0.960828
0.009529 0.034450 0.956021
0.009734 0.035107 0.955158
0.010372 0.037156 0.952472
0.010777 0.038442 0.950781
0.013313 0.046359 0.940329
0.016891 0.057030 0.926080
0.016313 0.055287 0.928400
0.019650 0.064873 0.915477
0.020858 0.068189 0.910953
0.019576 0.064640 0.915783
0.022040 0.071439 0.906521
0.022092 0.071563 0.906345
0.019951 0.065713 0.914336
0.014768 0.050996 0.934236
0.009791 0.035537 0.954672
0.005224 0.020425 0.974351
0.001983 0.008308 0.989709
0.000774 0.003432 0.995794
0.002941 0.014184 0.982874
0.007753 0.041314 0.950933
0.009699 0.054653 0.935648
0.020886 0.132694 0.846420
0.037324 0.288162 0.674514
0.045499 0.432481 0.522020
0.048331 0.567676 0.383993
0.045567 0.714214 0.240219
0.037084 0.819955 0.142961
0.029291 0.876777 0.093932
0.018099 0.943932 0.037968
0.006837 0.981647 0.011515
0.002470 0.994018 0.003512
0.003446 0.992660 0.003894
0.014084 0.973887 0.012029
0.065907 0.897966 0.036126
0.110432 0.844433 0.045135
0.204686 0.736887 0.058426
0.326198 0.609975 0.063827
0.445372 0.492832 0.061797
0.571532 0.373561 0.054907
0.692263 0.263420 0.044317
0.840821 0.132282 0.026897
0.926361 0.060079 0.013561
0.964942 0.028276 0.006782
0.986234 0.010866 0.002900
0.991536 0.006573 0.001890
0.991877 0.006261 0.001862
0.965574 0.026055 0.008370
0.965405 0.026093 0.008502
0.931095 0.051108 0.017798
0.911973 0.064627 0.023400
0.890389 0.079680 0.029930
0.892353 0.078282 0.029365
0.892099 0.078458 0.029443
0.904098 0.070130 0.025772
0.931905 0.050579 0.017516
0.958704 0.031096 0.010199
0.978293 0.016616 0.005091
0.992778 0.005587 0.001634
0.986050 0.010985 0.002964
0.976950 0.018427 0.004623
0.935647 0.052331 0.012021
0.859593 0.116435 0.023972
0.759986 0.202978 0.037036
0.651114 0.300464 0.048422
0.480007 0.458741 0.061252
0.344472 0.591602 0.063926
0.227041 0.712923 0.060036
0.127083 0.823879 0.049039
0.068049 0.897030 0.034920
0.031626 0.946867 0.021507
0.011479 0.977909 0.010612
0.003267 0.992948 0.003784
0.007018 0.982052 0.010930
0.015121 0.953224 0.031655
0.026075 0.900383 0.073543
0.041037 0.786382 0.172581
0.046276 0.685622 0.268102
0.048137 0.565371 0.386492
0.045352 0.441780 0.512868
0.036952 0.292743 0.670304
0.028014 0.198185 0.773801
0.019043 0.119950 0.861007
0.010531 0.059013 0.930456
0.004883 0.025164 0.969953
0.001914 0.009275 0.988811
0.000622 0.002857 0.996521
0.001486 0.006304 0.992210
0.002729 0.010980 0.986292
0.005342 0.020466 0.974191
0.009627 0.034937 0.955436
0.011277 0.040052 0.948671
0.015293 0.052368 0.932339
0.019833 0.065440 0.914727
0.020890 0.068277 0.910833
0.018779 0.062419 0.918802
0.016402 0.055596 0.928002
0.016248 0.055094 0.928658
0.013531 0.047075 0.939393
0.012453 0.043701 0.943845
0.009623 0.034857 0.955520
0.005429 0.021134 0.973436
0.002712 0.010835 0.986453
0.002918 0.011578 0.985504
0.001926 0.007852 0.990222
0.000986 0.004149 0.994865
0.000565 0.002397 0.997038
0.001457 0.006628 0.991915
0.001234 0.005875 0.992891
0.003512 0.017690 0.978798
0.006495 0.034698 0.958807
0.018350 0.111734 0.869915
0.037058 0.279304 0.683638
0.043183 0.391167 0.565650
0.047794 0.522022 0.430185
0.047448 0.649940 0.302612
0.041602 0.772533 0.185865
0.036874 0.813425 0.149700
0.026243 0.902871 0.070886
0.013438 0.962468 0.024094
0.003544 0.991178 0.005278
0.006602 0.986214 0.007183
0.002878 0.994216 0.002906
0.017333 0.968924 0.013743
0.034318 0.943541 0.022141
0.104623 0.850174 0.045202
0.194242 0.748122 0.057636
0.320410 0.615659 0.063931
0.400923 0.536511 0.062566
0.402421 0.535462 0.062117
0.357194 0.580055 0.062750
0.282496 0.655584 0.061920
0.248609 0.691380 0.060011
0.135540 0.813466 0.050994
0.073315 0.890297 0.036388
0.044062 0.929887 0.026051
0.019193 0.965541 0.015266
0.007126 0.986328 0.006545
0.008619 0.979677 0.011703
0.004570 0.988112 0.007318
0.015535 0.951353 0.033112
0.025551 0.902623 0.071825
0.030258 0.869475 0.100267
0.040686 0.779802 0.179512
0.048945 0.614328 0.336727
0.047064 0.494377 0.458559
0.046209 0.489208 0.464583
0.046242 0.490530 0.463228
0.041990 0.373376 0.584634
0.038372 0.322506 0.639122
0.035054 0.278323 0.686623
0.032437 0.247728 0.719835
0.024633 0.166967 0.808399
0.016749 0.102903 0.880348
0.020299 0.131546 0.848155
0.013669 0.080874 0.905456
0.011714 0.068322 0.919964
0.007918 0.043478 0.948604
0.006027 0.032297 0.961676
0.003717 0.019003 0.977279
0.003368 0.017199 0.979433
0.002038 0.010040 0.987922
0.002098 0.010398 0.987504
0.002441 0.012196 0.985364
0.001188 0.005678 0.993134
0.000574 0.002701 0.996725
0.000237 0.001074 0.998689
0.000392 0.001816 0.997792
0.000229 0.001058 0.998713
0.002087 0.010145 0.987768
0.004799 0.024801 0.970400
0.012069 0.068850 0.919081
0.020619 0.131586 0.847796
0.034892 0.263676 0.701432
0.042674 0.381282 0.576044
0.047667 0.513705 0.438628
0.047385 0.675087 0.277529
0.040153 0.787813 0.172034
0.028194 0.892156 0.079649
0.017482 0.941139 0.041379
0.010090 0.973763 0.016147
0.005316 0.988407 0.006278
0.014295 0.973300 0.012405
0.045862 0.926065 0.028073
0.086495 0.873697 0.039808
0.161762 0.784590 0.053648
0.291755 0.644603 0.063642
0.388502 0.548485 0.063013
0.497195 0.443463 0.059343
0.635750 0.314379 0.049871
0.699355 0.257430 0.043215
0.792994 0.174299 0.032707
0.884870 0.095021 0.020109
0.949245 0.041079 0.009675
0.980213 0.015824 0.003964
0.992165 0.006160 0.001675
0.989423 0.008179 0.002398
0.980581 0.014832 0.004587
0.964014 0.027156 0.008829
0.944258 0.041587 0.014156
0.907305 0.067975 0.024720
0.884043 0.084075 0.031883
0.887411 0.081698 0.030891
0.887820 0.081415 0.030764
0.903868 0.070307 0.025825
0.921359 0.057988 0.020653
0.941703 0.043448 0.014849
0.961571 0.028970 0.009459
0.978492 0.016521 0.004987
0.991094 0.006955 0.001951
0.992661 0.005798 0.001541
0.980672 0.015444 0.003883
0.935292 0.052609 0.012099
0.861461 0.114849 0.023690
0.777696 0.187548 0.034756
0.645551 0.305251 0.049198
0.495509 0.444350 0.060141
0.398354 0.538819 0.062827
0.307356 0.629855 0.062789
0.175694 0.767919 0.056387
0.090677 0.867725 0.041597
0.039232 0.935312 0.025456
0.014080 0.973835 0.012086
0.008540 0.980610 0.010850
0.011467 0.968063 0.020471
0.026559 0.902482 0.070959
0.037827 0.816765 0.145408
0.046495 0.692226 0.261278
0.048421 0.543064 0.408515
0.043797 0.402083 0.554120
0.042825 0.399244 0.557930
0.046420 0.483831 0.469748
0.047745 0.570249 0.382006
0.047051 0.634477 0.318472
0.046530 0.647952 0.305519
0.041095 0.784522 0.174383
0.030018 0.875750 0.094232
0.017571 0.946245 0.036184
0.007627 0.981396 0.010977
0.002326 0.994925 0.002749
0.034194 0.940709 0.025097
0.024002 0.959287 0.016711
0.016521 0.970799 0.012681
0.007416 0.984872 0.007712
0.008680 0.978310 0.013009
0.012828 0.961773 0.025399
0.012846 0.959503 0.027650
0.010500 0.968237 0.021264
0.012439 0.960973 0.026588
0.007002 0.981280 0.011718
0.003026 0.992944 0.004030
0.005109 0.989545 0.005347
0.015117 0.972470 0.012413
0.010511 0.980729 0.008760
0.005601 0.989092 0.005307
0.004934 0.990442 0.004624
0.005866 0.988761 0.005372
0.003286 0.993422 0.003292
0.001367 0.997129 0.001504
0.003550 0.991527 0.004923
0.008001 0.978030 0.013970
0.014257 0.955094 0.030649
0.009882 0.970522 0.019597
0.006904 0.980630 0.012465
0.003731 0.990911 0.005359
0.005399 0.988725 0.005876
0.015902 0.970966 0.013132
0.020163 0.965039 0.014799
0.020181 0.965166 0.014653
0.009435 0.980815 0.009751
0.007719 0.980984 0.011297
0.016406 0.949461 0.034133
0.025616 0.902828 0.071556
0.041907 0.779015 0.179078
0.047047 0.667906 0.285046
0.047662 0.591554 0.360784
0.047299 0.594262 0.358439
0.047051 0.514897 0.438051
0.045776 0.471017 0.483207
0.047344 0.537482 0.415174
0.046434 0.706876 0.246690
0.036596 0.827434 0.135970
0.023232 0.919966 0.056802
0.010582 0.970854 0.018564
0.005885 0.986696 0.007418
0.009069 0.982283 0.008648
0.041757 0.931276 0.026967
0.089186 0.869818 0.040997
0.188767 0.753686 0.057547
0.259023 0.679892 0.061085
0.446385 0.490501 0.063114
0.546917 0.396739 0.056344
0.624055 0.325578 0.050366
0.757432 0.205245 0.037323
0.838461 0.134894 0.026646
0.924257 0.061750 0.013992
0.969730 0.024322 0.005947
0.989861 0.008028 0.002110
0.994992 0.003911 0.001097
0.988495 0.008861 0.002643
0.971343 0.021750 0.006907
0.949484 0.037815 0.012701
0.938963 0.045382 0.015655
0.920036 0.058918 0.021047
0.895430 0.076196 0.028373
0.881341 0.085891 0.032768
0.879962 0.086819 0.033220
0.907280 0.068008 0.024712
0.934041 0.048976 0.016983
0.955213 0.033632 0.011156
0.974556 0.019384 0.006059
0.988396 0.008916 0.002688
0.990565 0.007363 0.002073
0.977833 0.017625 0.004542
0.963191 0.029675 0.007134
0.909400 0.074283 0.016318
0.831205 0.140919 0.027876
0.726203 0.232923 0.040874
0.566323 0.377694 0.055982
0.444527 0.493552 0.061920
0.318076 0.618364 0.063560
0.210819 0.730521 0.058661
0.135174 0.815371 0.049455
0.066580 0.898164 0.035256
0.030316 0.948977 0.020707
0.011829 0.976214 0.011957
0.004353 0.989868 0.005778
0.009069 0.975081 0.015850
0.023245 0.918409 0.058347
0.032420 0.858354 0.109226
0.041703 0.767897 0.190400
0.047252 0.655425 0.297323
0.047461 0.481928 0.470610
0.040947 0.353533 0.605520
0.032024 0.237989 0.729987
0.022179 0.144885 0.832936
0.011667 0.065568 0.922764
0.005060 0.026098 0.968842
0.003038 0.015384 0.981578
0.003683 0.018908 0.977409
0.001631 0.007776 0.990593
0.002807 0.014008 0.983185
0.002085 0.010330 0.987586
0.003618 0.018483 0.977898
0.003369 0.017206 0.979425
0.005890 0.031325 0.962784
0.005993 0.032124 0.961883
0.011347 0.065046 0.923608
0.011742 0.068492 0.919766
0.013134 0.078013 0.908854
0.019494 0.124338 0.856168
0.021371 0.140773 0.837857
0.024118 0.164403 0.811479
0.032326 0.243008 0.724667
0.040180 0.343216 0.616604
0.042304 0.386938 0.570758
0.044661 0.437644 0.517695
0.044152 0.428286 0.527562
0.048007 0.549847 0.402146
0.047276 0.554809 0.397915
0.047290 0.621168 0.331543
0.043883 0.736013 0.220104
0.033434 0.857181 0.109385
0.023534 0.911265 0.065201
0.014518 0.955093 0.030389
0.007292 0.979723 0.012985
0.004225 0.990044 0.005731
0.006119 0.987532 0.006349
0.018185 0.967386 0.014429
0.047724 0.924063 0.028213
0.091384 0.867690 0.040925
0.164303 0.781872 0.053824
0.216774 0.725021 0.058205
0.005413 0.985172 0.009415
0.867316 0.095440 0.037244
0.875977 0.089556 0.034467
0.884697 0.083578 0.031726
0.907695 0.067669 0.024636
0.930479 0.051513 0.018009
0.955326 0.033603 0.011070
0.977123 0.017461 0.005416
0.990436 0.007395 0.002170
0.995807 0.003277 0.000916
0.995852 0.003270 0.000878
0.969958 0.024069 0.005973
0.923745 0.062223 0.014033
0.881840 0.097728 0.020433
0.777144 0.187862 0.034994
0.621329 0.326971 0.051700
0.500697 0.439848 0.059455
0.356317 0.579620 0.064063
0.247438 0.691560 0.061003
0.158749 0.788178 0.053073
0.084267 0.875862 0.039871
0.040323 0.934390 0.025287
0.015104 0.971735 0.013161
0.004841 0.989597 0.005562
0.006043 0.984786 0.009171
0.008263 0.976693 0.015043
0.017450 0.942231 0.040319
0.029477 0.879205 0.091318
0.037061 0.816364 0.146575
0.043521 0.735722 0.220757
0.047895 0.619638 0.332467
0.046969 0.486306 0.466725
0.039923 0.333418 0.626659
0.032309 0.243441 0.724249
0.021441 0.137624 0.840935
0.011453 0.064686 0.923861
0.005927 0.031367 0.962707
0.002425 0.011700 0.985875
0.000714 0.003234 0.996052
0.000592 0.002559 0.996848
0.003371 0.013498 0.983131
0.004629 0.017885 0.977486
0.006966 0.026011 0.967023
0.009695 0.035041 0.955263
0.015223 0.052253 0.932525
0.020620 0.067683 0.911696
0.026319 0.082901 0.890780
0.025390 0.080355 0.894255
0.023889 0.076413 0.899698
0.022114 0.071650 0.906236
0.022473 0.072593 0.904935
0.019813 0.065349 0.914837
0.020080 0.066027 0.913893
0.018989 0.062986 0.918024
0.015364 0.052623 0.932013
0.013096 0.045708 0.941196
0.012118 0.042663 0.945220
0.012893 0.045043 0.942064
0.015153 0.051886 0.932961
0.015181 0.051948 0.932871
0.013278 0.046267 0.940455
0.014560 0.050103 0.935337
0.013622 0.047282 0.939096
0.014405 0.049633 0.935962
0.012833 0.044890 0.942277
0.012963 0.045258 0.941779
0.014015 0.048459 0.937526
0.017197 0.057898 0.924905
0.014065 0.048705 0.937230
0.016024 0.054459 0.929516
0.020798 0.068115 0.911087
0.021868 0.070955 0.907177
0.022696 0.073196 0.904109
0.026024 0.082035 0.891940
0.025614 0.080937 0.893449
0.024355 0.077643 0.898003
0.018978 0.063195 0.917827
0.012363 0.043877 0.943759
0.009041 0.032908 0.958051
0.005179 0.020243 0.974578
0.001941 0.008061 0.989997
0.001073 0.004455 0.994472
0.001095 0.004840 0.994066
0.002132 0.010147 0.987721
0.005655 0.029298 0.965047
0.007504 0.040924 0.951572
0.016121 0.097201 0.886678
0.025139 0.170097 0.804764
0.035512 0.276510 0.687978
0.043383 0.395494 0.561123
0.049262 0.580615 0.370124
0.046276 0.674014 0.279710
0.044796 0.700288 0.254916
0.036220 0.839138 0.124642
0.026037 0.896819 0.077143
0.015946 0.950883 0.033171
0.009332 0.972409 0.018259
0.006655 0.984166 0.009179
0.012263 0.975998 0.011739
0.027239 0.953297 0.019464
0.058236 0.910079 0.031685
0.134602 0.815081 0.050317
0.218320 0.722550 0.059130
0.357529 0.578273 0.064198
0.527974 0.413517 0.058509
0.648766 0.302727 0.048506
0.766444 0.197448 0.036108
0.854880 0.120701 0.024419
0.942303 0.046595 0.011102
0.982736 0.013766 0.003498
0.994904 0.004027 0.001068
0.993558 0.005014 0.001429
0.987163 0.009865 0.002971
0.953107 0.035261 0.011632
0.931468 0.050824 0.017708
0.917976 0.060370 0.021654
0.916341 0.061503 0.022156
0.910660 0.065509 0.023832
0.923135 0.056712 0.020153
0.943137 0.042416 0.014447
0.966084 0.025697 0.008219
0.982213 0.013585 0.004202
0.990536 0.007313 0.002151
0.986603 0.010539 0.002858
0.962823 0.029832 0.007345
0.933773 0.053965 0.012262
0.877765 0.101121 0.021115
0.751673 0.210029 0.038299
0.646305 0.304841 0.048855
0.481009 0.457898 0.061094
0.366986 0.569537 0.063477
0.259288 0.679154 0.061558
0.173325 0.771978 0.054697
0.106808 0.848875 0.044317
0.041131 0.930365 0.028504
0.011328 0.978570 0.010102
0.004277 0.990767 0.004956
0.001239 0.997120 0.001641
0.007875 0.978703 0.013422
0.015963 0.948918 0.035119
0.025799 0.900643 0.073558
0.035150 0.834810 0.130040
0.037926 0.802964 0.159110
0.045205 0.706112 0.248683
0.047791 0.607153 0.345056
0.046940 0.495305 0.457756
0.042963 0.393835 0.563202
0.036430 0.291803 0.671768
0.033442 0.259290 0.707268
0.023347 0.153830 0.822823
0.014665 0.087528 0.897807
0.009370 0.052497 0.938133
0.005130 0.026751 0.968119
0.002541 0.012623 0.984836
0.000989 0.004638 0.994373
0.000240 0.001086 0.998674
0.002638 0.010867 0.986495
0.005011 0.019388 0.975601
0.005499 0.020910 0.973591
0.007921 0.029211 0.962868
0.011931 0.042180 0.945889
0.012544 0.043970 0.943486
0.017227 0.058046 0.924726
0.019101 0.063302 0.917597
0.018923 0.062786 0.918291
0.016734 0.056561 0.926705
0.014289 0.049342 0.936370
0.013017 0.045440 0.941543
0.011553 0.040918 0.947529
0.007158 0.027003 0.965839
0.003653 0.014426 0.981921
0.002127 0.008618 0.989256
0.001169 0.005000 0.993831
0.001144 0.004761 0.994095
0.000609 0.002634 0.996757
0.001583 0.007347 0.991070
0.002563 0.012611 0.984826
0.003575 0.018231 0.978194
0.010318 0.057582 0.932100
0.021369 0.136018 0.842613
0.034141 0.256404 0.709455
0.042526 0.377796 0.579678
0.047526 0.508036 0.444438
0.047498 0.676262 0.276240
0.039643 0.795188 0.165169
0.031315 0.863512 0.105172
0.020010 0.933871 0.046119
0.008999 0.975746 0.015255
0.005111 0.988518 0.006371
0.002075 0.995669 0.002257
0.013416 0.975207 0.011377
0.043821 0.929199 0.026980
0.085229 0.875280 0.039491
0.169081 0.776084 0.054835
0.283152 0.653877 0.062970
0.360612 0.576354 0.063035
0.330204 0.607252 0.062544
0.347163 0.590247 0.062590
0.295152 0.642800 0.062048
0.248447 0.691435 0.060118
0.233743 0.707241 0.059016
0.134522 0.815190 0.050288
0.074046 0.889367 0.036588
0.034859 0.942105 0.023035
0.012666 0.975290 0.012044
0.004333 0.990237 0.005430
0.012382 0.965344 0.022275
0.018988 0.936071 0.044941
0.034154 0.849408 0.116437
0.041646 0.767571 0.190783
0.047036 0.660315 0.292649
0.047781 0.506358 0.445861
0.047022 0.528636 0.424342
0.044222 0.418777 0.537001
0.038451 0.319653 0.641896
0.034951 0.277146 0.687903
0.040112 0.346679 0.613209
0.030965 0.225983 0.743051
0.024098 0.163331 0.812571
0.024156 0.165076 0.810768
0.017898 0.112032 0.870070
0.011652 0.067171 0.921177
0.007536 0.041161 0.951303
0.008740 0.048839 0.942421
0.006815 0.036977 0.956209
0.005149 0.027167 0.967683
0.004360 0.022703 0.972937
0.002421 0.011998 0.985581
0.002103 0.010424 0.987473
0.002439 0.012186 0.985375
0.005240 0.027468 0.967292
0.008667 0.048011 0.943322
0.013957 0.082916 0.903127
0.023667 0.157050 0.819283
0.038623 0.308212 0.653165
0.044973 0.428858 0.526169
0.049109 0.613464 0.337427
0.043984 0.734316 0.221700
0.033313 0.859271 0.107416
0.020216 0.930548 0.049237
0.010937 0.971307 0.017757
0.004029 0.990976 0.004996
0.003900 0.992066 0.004034
0.022437 0.960460 0.017103
0.066006 0.898958 0.035036
0.124303 0.827729 0.047968
0.199834 0.742751 0.057415
0.312173 0.624409 0.063418
0.464481 0.473941 0.061578
0.623017 0.325761 0.051222
0.749624 0.212240 0.038136
0.795222 0.172594 0.032184
0.855755 0.120073 0.024172
0.925243 0.061044 0.013713
0.971465 0.022851 0.005683
0.989193 0.008481 0.002327
0.992906 0.005498 0.001597
0.972658 0.020803 0.006539
0.959247 0.030662 0.010091
0.939204 0.045235 0.015561
0.913700 0.063424 0.022876
0.888542 0.080972 0.030486
0.874006 0.090910 0.035084
0.876714 0.089043 0.034243
0.878247 0.087994 0.033759
0.887863 0.081399 0.030738
0.897633 0.074630 0.027737
0.917520 0.060728 0.021753
0.938937 0.045442 0.015620
0.960868 0.029509 0.009623
0.979680 0.015543 0.004777
0.991639 0.006479 0.001883
0.989011 0.008652 0.002336
0.949979 0.040275 0.009746
0.930544 0.056706 0.012751
0.865545 0.111508 0.022947
0.755724 0.206664 0.037613
0.623141 0.325671 0.051188
0.498813 0.441608 0.059579
0.376042 0.560438 0.063521
0.264826 0.673313 0.061862
0.158715 0.787677 0.053608
0.101014 0.856190 0.042795
0.048687 0.922274 0.029039
0.017774 0.967332 0.014894
0.006521 0.985887 0.007592
0.003695 0.990966 0.005339
0.011857 0.965449 0.022694
0.025078 0.907628 0.067294
0.037418 0.819915 0.142668
0.042475 0.751377 0.206148
0.047832 0.630202 0.321966
0.047117 0.486141 0.466742
0.047596 0.560766 0.391638
0.046779 0.662195 0.291026
0.045230 0.690018 0.264752
0.043815 0.721162 0.235023
0.038124 0.806873 0.155003
0.027248 0.895136 0.077617
0.015487 0.951468 0.033045
0.007749 0.980573 0.011678
0.005719 0.987887 0.006394
0.014361 0.973459 0.012180
0.041380 0.932754 0.025865
0.039328 0.936956 0.023716
0.032354 0.946881 0.020765
0.016911 0.969784 0.013304
0.007762 0.983589 0.008649
0.011616 0.969149 0.019236
0.002907 0.992541 0.004552
0.003465 0.990948 0.005588
0.002095 0.994773 0.003133
0.003996 0.991394 0.004610
0.019925 0.963889 0.016186
0.041279 0.933188 0.025533
0.028456 0.952566 0.018978
0.016701 0.970352 0.012947
0.011500 0.979037 0.009464
0.014331 0.974413 0.011256
0.011433 0.979164 0.009402
0.006605 0.987343 0.006052
0.003003 0.993633 0.003365
0.006598 0.983426 0.009976
0.008426 0.976202 0.015373
0.003779 0.990375 0.005846
0.003950 0.989581 0.006469
0.002149 0.994902 0.002948
0.014705 0.971671 0.013624
0.037264 0.938202 0.024535
0.047038 0.926003 0.026959
0.025455 0.956531 0.018014
0.013862 0.975001 0.011137
0.008838 0.980637 0.010525
0.003380 0.991710 0.004910
0.019042 0.939840 0.041118
0.026850 0.895479 0.077670
0.042745 0.768125 0.189130
0.045168 0.701380 0.253452
0.046344 0.659156 0.294500
0.047800 0.559460 0.392740
0.046997 0.525010 0.427994
0.047076 0.682693 0.270232
0.039800 0.791083 0.169117
0.030128 0.874477 0.095395
0.017841 0.944847 0.037311
0.007259 0.979891 0.012850
0.004836 0.988821 0.006343
0.007108 0.985770 0.007122
0.032671 0.944569 0.022760
0.067933 0.897100 0.034967
0.129662 0.821505 0.048833
0.206606 0.735400 0.057994
0.305002 0.632009 0.062989
0.472756 0.465752 0.061492
0.595617 0.351332 0.053051
0.623538 0.326242 0.050220
0.754665 0.207703 0.037632
0.888920 0.091200 0.019880
0.951227 0.039520 0.009253
0.982388 0.013989 0.003624
0.989911 0.007859 0.002231
0.991902 0.006249 0.001849
0.967502 0.024628 0.007870
0.953337 0.034985 0.011678
0.926421 0.054418 0.019161
0.911389 0.065020 0.023592
0.895827 0.075892 0.028281
0.890228 0.079754 0.030018
0.872997 0.091598 0.035404
0.885489 0.083041 0.031470
0.904877 0.069615 0.025508
0.926311 0.054487 0.019202
0.946426 0.040023 0.013551
0.967802 0.024415 0.007783
0.980919 0.014779 0.004301
0.985636 0.011338 0.003026
0.933182 0.054059 0.012759
0.900062 0.082229 0.017709
0.826456 0.145110 0.028434
0.782303 0.183825 0.033872
0.623587 0.324968 0.051445
0.460146 0.477817 0.062037
0.397990 0.539538 0.062472
0.290819 0.646511 0.062670
0.200881 0.741652 0.057467
0.106601 0.847977 0.045422
0.045355 0.926364 0.028280
0.015218 0.970945 0.013837
0.003049 0.993799 0.003152
0.008837 0.977930 0.013233
0.018864 0.939874 0.041262
0.033122 0.859300 0.107578
0.039934 0.787900 0.172166
0.048639 0.629168 0.322193
0.046597 0.453939 0.499464
0.039790 0.337231 0.622979
0.027783 0.191040 0.781178
0.017996 0.111988 0.870016
0.010761 0.061020 0.928219
0.005524 0.028895 0.965581
0.005875 0.031397 0.962727
0.002960 0.014739 0.982301
0.001620 0.007914 0.990465
0.001325 0.006423 0.992252
0.002937 0.014751 0.982311
0.005146 0.026985 0.967869
0.005453 0.028950 0.965597
0.005318 0.028186 0.966496
0.009949 0.056037 0.934014
0.011772 0.068558 0.919670
0.018856 0.118948 0.862197
0.016108 0.099431 0.884461
0.024977 0.169589 0.805435
0.033710 0.257454 0.708836
0.044594 0.410647 0.544759
0.040790 0.360317 0.598892
0.040609 0.358636 0.600756
0.043180 0.404385 0.552436
0.046957 0.500943 0.452099
0.046842 0.517808 0.435350
0.047491 0.655278 0.297231
0.041671 0.769042 0.189287
0.033381 0.849133 0.117486
0.022319 0.921454 0.056227
0.011291 0.968110 0.020599
0.009913 0.978280 0.011806
0.011112 0.978836 0.010052
0.054826 0.912841 0.032333
0.105952 0.849393 0.044655
0.172866 0.772518 0.054616
0.223177 0.718204 0.058620
0.222876 0.718892 0.058232
0.188854 0.755669 0.055477
0.145820 0.803796 0.050385
0.110725 0.844940 0.044335
0.056607 0.911666 0.031727
0.023971 0.958289 0.017740
0.010608 0.980342 0.009049
0.004286 0.991322 0.004392
0.005169 0.987736 0.007095
0.013817 0.959475 0.026708
0.029435 0.885309 0.085256
0.040395 0.790167 0.169439
0.046413 0.683561 0.270026
0.048175 0.556750 0.395074
0.043823 0.398383 0.557793
0.035610 0.279668 0.684722
0.026991 0.188383 0.784626
0.015963 0.095288 0.888749
0.007848 0.042311 0.949841
0.004041 0.020752 0.975207
0.002627 0.013168 0.984206
0.001302 0.006250 0.992448
0.002511 0.010689 0.986799
0.000199 0.000866 0.998935
0.000177 0.000767 0.999056
0.002901 0.011702 0.985398
0.006039 0.022961 0.971001
